# F606W
# photon
# calib 0
# F606 ACS/WFC http://www.stsci.edu/hst/acs/analysis/throughputs in photons
     4601.00000         0.00000
     4611.00000         0.00159 
     4621.00000         0.00293 
     4631.00000         0.00647 
     4641.00000         0.00876 
     4651.00000         0.01897 
     4661.00000         0.04247 
     4671.00000         0.04779 
     4681.00000         0.05571 
     4691.00000         0.10128 
     4701.00000         0.12430 
     4711.00000         0.10486 
     4721.00000         0.13255 
     4731.00000         0.19561 
     4741.00000         0.18967 
     4751.00000         0.16604 
     4761.00000         0.20968 
     4771.00000         0.28060 
     4781.00000         0.26102 
     4791.00000         0.22708 
     4801.00000         0.26596 
     4811.00000         0.32556 
     4821.00000         0.31827 
     4831.00000         0.32536 
     4841.00000         0.34553 
     4851.00000         0.35747 
     4861.00000         0.35299 
     4871.00000         0.35819 
     4881.00000         0.36199 
     4891.00000         0.33076 
     4901.00000         0.31122 
     4911.00000         0.31127 
     4921.00000         0.32218 
     4931.00000         0.34315 
     4941.00000         0.36597 
     4951.00000         0.37357 
     4961.00000         0.35574 
     4971.00000         0.33500 
     4981.00000         0.34717 
     4991.00000         0.37193 
     5001.00000         0.38198 
     5011.00000         0.38732 
     5021.00000         0.37609 
     5031.00000         0.35318 
     5041.00000         0.32921 
     5051.00000         0.32146 
     5061.00000         0.32660 
     5071.00000         0.36373 
     5081.00000         0.36924 
     5091.00000         0.38149 
     5101.00000         0.35662 
     5111.00000         0.35850 
     5121.00000         0.35596 
     5131.00000         0.35957 
     5141.00000         0.37429 
     5151.00000         0.37948 
     5161.00000         0.39201 
     5171.00000         0.37323 
     5181.00000         0.37202 
     5191.00000         0.36703 
     5201.00000         0.40408 
     5211.00000         0.38211 
     5221.00000         0.38660 
     5231.00000         0.34917 
     5241.00000         0.34771 
     5251.00000         0.38072 
     5261.00000         0.36149 
     5271.00000         0.38878 
     5281.00000         0.37990 
     5291.00000         0.40093 
     5301.00000         0.38589 
     5311.00000         0.37600 
     5321.00000         0.36089 
     5331.00000         0.39087 
     5341.00000         0.37347 
     5351.00000         0.40839 
     5361.00000         0.39938 
     5371.00000         0.39569 
     5381.00000         0.39622 
     5391.00000         0.38318 
     5401.00000         0.35961 
     5411.00000         0.35763 
     5421.00000         0.37879 
     5431.00000         0.39568 
     5441.00000         0.40900 
     5451.00000         0.41917 
     5461.00000         0.41489 
     5471.00000         0.41720 
     5481.00000         0.42337 
     5491.00000         0.41896 
     5501.00000         0.41397 
     5511.00000         0.39520 
     5521.00000         0.40005 
     5531.00000         0.40712 
     5541.00000         0.41379 
     5551.00000         0.41759 
     5561.00000         0.40755 
     5571.00000         0.41669 
     5581.00000         0.41864 
     5591.00000         0.41369 
     5601.00000         0.40851 
     5611.00000         0.39237 
     5621.00000         0.39428 
     5631.00000         0.40907 
     5641.00000         0.41992 
     5651.00000         0.42039 
     5661.00000         0.41189 
     5671.00000         0.40396 
     5681.00000         0.40549 
     5691.00000         0.41250 
     5701.00000         0.42096 
     5711.00000         0.42314 
     5721.00000         0.41522 
     5731.00000         0.41558 
     5741.00000         0.42164 
     5751.00000         0.39678 
     5761.00000         0.39580 
     5771.00000         0.39374 
     5781.00000         0.39953 
     5791.00000         0.41080 
     5801.00000         0.42375 
     5811.00000         0.43004 
     5821.00000         0.43135 
     5831.00000         0.42123 
     5841.00000         0.41924 
     5851.00000         0.41034 
     5861.00000         0.42539 
     5871.00000         0.42293 
     5881.00000         0.42167 
     5891.00000         0.41455 
     5901.00000         0.43887 
     5911.00000         0.42334 
     5921.00000         0.43964 
     5931.00000         0.42946 
     5941.00000         0.41488 
     5951.00000         0.39755 
     5961.00000         0.42183 
     5971.00000         0.41363 
     5981.00000         0.41858 
     5991.00000         0.41763 
     6001.00000         0.41653 
     6011.00000         0.42167 
     6021.00000         0.42384 
     6031.00000         0.42628 
     6041.00000         0.42909 
     6051.00000         0.43896 
     6061.00000         0.43560 
     6071.00000         0.42888 
     6081.00000         0.42407 
     6091.00000         0.43568 
     6101.00000         0.44164 
     6111.00000         0.43528 
     6121.00000         0.44306 
     6131.00000         0.44323 
     6141.00000         0.44427 
     6151.00000         0.44443 
     6161.00000         0.43298 
     6171.00000         0.41077 
     6181.00000         0.39568 
     6191.00000         0.38419 
     6201.00000         0.38099 
     6211.00000         0.37718 
     6221.00000         0.38818 
     6231.00000         0.41465 
     6241.00000         0.42517 
     6251.00000         0.44086 
     6261.00000         0.44086 
     6271.00000         0.44451 
     6281.00000         0.44911 
     6291.00000         0.43644 
     6301.00000         0.43999 
     6311.00000         0.43049 
     6321.00000         0.43212 
     6331.00000         0.42875 
     6341.00000         0.43641 
     6351.00000         0.43434 
     6361.00000         0.46450 
     6371.00000         0.42768 
     6381.00000         0.43758 
     6391.00000         0.40088 
     6401.00000         0.41102 
     6411.00000         0.39970 
     6421.00000         0.42137 
     6431.00000         0.40924 
     6441.00000         0.44550 
     6451.00000         0.43460 
     6461.00000         0.46747 
     6471.00000         0.44391 
     6481.00000         0.46712 
     6491.00000         0.43758 
     6501.00000         0.45236 
     6511.00000         0.41622 
     6521.00000         0.42436 
     6531.00000         0.40714 
     6541.00000         0.43198 
     6551.00000         0.41195 
     6561.00000         0.44358 
     6571.00000         0.42589 
     6581.00000         0.43790 
     6591.00000         0.42406 
     6601.00000         0.42611 
     6611.00000         0.40526 
     6621.00000         0.42293 
     6631.00000         0.42506 
     6641.00000         0.42657 
     6651.00000         0.45413 
     6661.00000         0.43706 
     6671.00000         0.46843 
     6681.00000         0.44782 
     6691.00000         0.47444 
     6701.00000         0.43849 
     6711.00000         0.44975 
     6721.00000         0.42960 
     6731.00000         0.43089 
     6741.00000         0.42019 
     6751.00000         0.44073 
     6761.00000         0.41830 
     6771.00000         0.41889 
     6781.00000         0.46130 
     6791.00000         0.42275 
     6801.00000         0.45220 
     6811.00000         0.42242 
     6821.00000         0.42565 
     6831.00000         0.41252 
     6841.00000         0.43342 
     6851.00000         0.41456 
     6861.00000         0.43993 
     6871.00000         0.42430 
     6881.00000         0.44048 
     6891.00000         0.41410 
     6901.00000         0.41804 
     6911.00000         0.38437 
     6921.00000         0.39310 
     6931.00000         0.36586 
     6941.00000         0.39152 
     6951.00000         0.37807 
     6961.00000         0.41565 
     6971.00000         0.42167 
     6981.00000         0.43777 
     6991.00000         0.41995 
     7001.00000         0.43422 
     7011.00000         0.41964 
     7021.00000         0.42511 
     7031.00000         0.40464 
     7041.00000         0.42711 
     7051.00000         0.40841 
     7061.00000         0.43246 
     7071.00000         0.40242 
     7081.00000         0.33654 
     7091.00000         0.20121 
     7101.00000         0.11664 
     7111.00000         0.06804 
     7121.00000         0.04653 
     7131.00000         0.03354 
     7141.00000         0.02732 
     7151.00000         0.02085 
     7161.00000         0.01450 
     7171.00000         0.00845 
     7181.00000         0.00427 
     7191.00000         0.00243 
     7201.00000         0.00166 
     7211.00000         0.00096 
     7221.00000         0.00077 
     7231.00000         0.00000
