# F755W
# photon
# calib 0
# F755 ACS/WFC http://www.stsci.edu/hst/acs/analysis/throughputs 
     6531.00000         0.00000
     6541.00000         0.00058 
     6551.00000         0.00072 
     6561.00000         0.00086 
     6571.00000         0.00100 
     6581.00000         0.00114 
     6591.00000         0.00128 
     6601.00000         0.00142 
     6611.00000         0.00157 
     6621.00000         0.00171 
     6631.00000         0.00185 
     6641.00000         0.00199 
     6651.00000         0.00213 
     6661.00000         0.00227 
     6671.00000         0.00241 
     6681.00000         0.00255 
     6691.00000         0.00270 
     6701.00000         0.00284 
     6711.00000         0.00298 
     6721.00000         0.00312 
     6731.00000         0.00326 
     6741.00000         0.00340 
     6751.00000         0.00354 
     6761.00000         0.00369 
     6771.00000         0.00382 
     6781.00000         0.00397 
     6791.00000         0.00411 
     6801.00000         0.00437 
     6811.00000         0.00576 
     6821.00000         0.00761 
     6831.00000         0.01022 
     6841.00000         0.01332 
     6851.00000         0.01730 
     6861.00000         0.02227 
     6871.00000         0.02837 
     6881.00000         0.03662 
     6891.00000         0.04641 
     6901.00000         0.05599 
     6911.00000         0.06903 
     6921.00000         0.08032 
     6931.00000         0.09520 
     6941.00000         0.11135 
     6951.00000         0.12789 
     6961.00000         0.14710 
     6971.00000         0.16788 
     6981.00000         0.18332 
     6991.00000         0.20180 
     7001.00000         0.22242 
     7011.00000         0.24317 
     7021.00000         0.25943 
     7031.00000         0.27475 
     7041.00000         0.29201 
     7051.00000         0.30351 
     7061.00000         0.31654 
     7071.00000         0.33060 
     7081.00000         0.34084 
     7091.00000         0.35261 
     7101.00000         0.35917 
     7111.00000         0.36998 
     7121.00000         0.38126 
     7131.00000         0.38044 
     7141.00000         0.39061 
     7151.00000         0.39668 
     7161.00000         0.40455 
     7171.00000         0.40356 
     7181.00000         0.40781 
     7191.00000         0.41142 
     7201.00000         0.41680 
     7211.00000         0.42281 
     7221.00000         0.42409 
     7231.00000         0.42739 
     7241.00000         0.42640 
     7251.00000         0.42965 
     7261.00000         0.42586 
     7271.00000         0.42997 
     7281.00000         0.42893 
     7291.00000         0.42284 
     7301.00000         0.42569 
     7311.00000         0.43174 
     7321.00000         0.43463 
     7331.00000         0.43148 
     7341.00000         0.42679 
     7351.00000         0.43271 
     7361.00000         0.43220 
     7371.00000         0.42977 
     7381.00000         0.43507 
     7391.00000         0.43032 
     7401.00000         0.43117 
     7411.00000         0.43159 
     7421.00000         0.42634 
     7431.00000         0.42363 
     7441.00000         0.42346 
     7451.00000         0.41893 
     7461.00000         0.41952 
     7471.00000         0.41790 
     7481.00000         0.41789 
     7491.00000         0.41816 
     7501.00000         0.41919 
     7511.00000         0.41828 
     7521.00000         0.42054 
     7531.00000         0.42462 
     7541.00000         0.42301 
     7551.00000         0.42362 
     7561.00000         0.42080 
     7571.00000         0.42051 
     7581.00000         0.41994 
     7591.00000         0.41690 
     7601.00000         0.41422 
     7611.00000         0.41381 
     7621.00000         0.41502 
     7631.00000         0.41463 
     7641.00000         0.41156 
     7651.00000         0.40870 
     7661.00000         0.40960 
     7671.00000         0.41149 
     7681.00000         0.40589 
     7691.00000         0.40121 
     7701.00000         0.39743 
     7711.00000         0.39330 
     7721.00000         0.38910 
     7731.00000         0.38626 
     7741.00000         0.38163 
     7751.00000         0.38110 
     7761.00000         0.38135 
     7771.00000         0.37905 
     7781.00000         0.38063 
     7791.00000         0.38339 
     7801.00000         0.38417 
     7811.00000         0.38616 
     7821.00000         0.38588 
     7831.00000         0.38739 
     7841.00000         0.38603 
     7851.00000         0.38763 
     7861.00000         0.37893 
     7871.00000         0.38007 
     7881.00000         0.37593 
     7891.00000         0.37373 
     7901.00000         0.37111 
     7911.00000         0.36873 
     7921.00000         0.36608 
     7931.00000         0.36526 
     7941.00000         0.36227 
     7951.00000         0.36043 
     7961.00000         0.35564 
     7971.00000         0.35530 
     7981.00000         0.35204 
     7991.00000         0.35011 
     8001.00000         0.34712 
     8011.00000         0.34446 
     8021.00000         0.33921 
     8031.00000         0.33989 
     8041.00000         0.33813 
     8051.00000         0.33923 
     8061.00000         0.33854 
     8071.00000         0.33893 
     8081.00000         0.33936 
     8091.00000         0.34070 
     8101.00000         0.34013 
     8111.00000         0.34150 
     8121.00000         0.33945 
     8131.00000         0.33956 
     8141.00000         0.33751 
     8151.00000         0.33591 
     8161.00000         0.33436 
     8171.00000         0.33536 
     8181.00000         0.33265 
     8191.00000         0.33344 
     8201.00000         0.33138 
     8211.00000         0.33280 
     8221.00000         0.32967 
     8231.00000         0.32768 
     8241.00000         0.32260 
     8251.00000         0.31655 
     8261.00000         0.31721 
     8271.00000         0.31452 
     8281.00000         0.31022 
     8291.00000         0.30596 
     8301.00000         0.30023 
     8311.00000         0.30133 
     8321.00000         0.29549 
     8331.00000         0.29586 
     8341.00000         0.29023 
     8351.00000         0.29126 
     8361.00000         0.28878 
     8371.00000         0.28480 
     8381.00000         0.28613 
     8391.00000         0.28627 
     8401.00000         0.28609 
     8411.00000         0.28515 
     8421.00000         0.28474 
     8431.00000         0.28065 
     8441.00000         0.27616 
     8451.00000         0.27109 
     8461.00000         0.26433 
     8471.00000         0.25910 
     8481.00000         0.25292 
     8491.00000         0.24550 
     8501.00000         0.23175 
     8511.00000         0.21537 
     8521.00000         0.19095 
     8531.00000         0.16034 
     8541.00000         0.12554 
     8551.00000         0.09083 
     8561.00000         0.06105 
     8571.00000         0.03979 
     8581.00000         0.02496 
     8591.00000         0.01646 
     8601.00000         0.01093 
     8611.00000         0.00749 
     8621.00000         0.00531 
     8631.00000         0.00382 
     8641.00000         0.00276 
     8651.00000         0.00200 
     8661.00000         0.00146 
     8671.00000         0.00110 
     8681.00000         0.00094 
     8691.00000         0.00078 
     8701.00000         0.00062 
     8711.00000         0.00000
