# F140W
# photon
# calib 0
# F140W WFC3 from Peter Capak web page 
    11761.55957         0.00000
    11771.55957         0.00096 
    11781.55957         0.00125 
    11791.55957         0.00185 
    11801.55957         0.00252 
    11811.55957         0.00343 
    11821.55957         0.00438 
    11831.55957         0.00584 
    11841.55957         0.00740 
    11851.55957         0.00945 
    11861.55957         0.01160 
    11871.55957         0.01494 
    11881.55957         0.01853 
    11891.55957         0.02411 
    11901.55957         0.03010 
    11911.55957         0.03914 
    11921.55957         0.04880 
    11931.55957         0.06538 
    11941.55957         0.08340 
    11951.55957         0.11280 
    11961.55957         0.14459 
    11971.55957         0.19749 
    11981.55957         0.25482 
    11991.55957         0.34849 
    12001.55957         0.44977 
    12011.55957         0.56007 
    12021.55957         0.67232 
    12031.55957         0.76182 
    12041.55957         0.84650 
    12051.55957         0.88779 
    12061.55957         0.91995 
    12071.55957         0.92929 
    12081.55957         0.93384 
    12091.55957         0.93289 
    12101.55957         0.93078 
    12111.55957         0.92913 
    12121.55957         0.92758 
    12131.55957         0.92752 
    12141.55957         0.92777 
    12151.55957         0.92876 
    12161.55957         0.92990 
    12171.55957         0.93062 
    12181.55957         0.93125 
    12191.55957         0.93336 
    12201.55957         0.93577 
    12211.55957         0.93761 
    12221.55957         0.93934 
    12231.55957         0.94071 
    12241.55957         0.94201 
    12251.55957         0.94230 
    12261.55957         0.94237 
    12271.55957         0.94178 
    12281.55957         0.94104 
    12291.55957         0.93930 
    12301.55957         0.93733 
    12311.55957         0.93513 
    12321.55957         0.93288 
    12331.55957         0.93152 
    12341.55957         0.93035 
    12351.55957         0.92938 
    12361.55957         0.92846 
    12371.55957         0.92846 
    12381.55957         0.92867 
    12391.55957         0.92946 
    12401.55957         0.93040 
    12411.55957         0.93081 
    12421.55957         0.93108 
    12431.55957         0.93155 
    12441.55957         0.93206 
    12451.55957         0.93180 
    12461.55957         0.93136 
    12471.55957         0.93111 
    12481.55957         0.93091 
    12491.55957         0.92994 
    12501.55957         0.92881 
    12511.55957         0.92735 
    12521.55957         0.92581 
    12531.55957         0.92464 
    12541.55957         0.92357 
    12551.55957         0.92265 
    12561.55957         0.92176 
    12571.55957         0.92153 
    12581.55957         0.92145 
    12591.55957         0.92279 
    12601.55957         0.92447 
    12611.55957         0.92599 
    12621.55957         0.92749 
    12631.55957         0.92953 
    12641.55957         0.93169 
    12651.55957         0.93421 
    12661.55957         0.93680 
    12671.55957         0.93898 
    12681.55957         0.94105 
    12691.55957         0.94278 
    12701.55957         0.94443 
    12711.55957         0.94503 
    12721.55957         0.94540 
    12731.55957         0.94556 
    12741.55957         0.94569 
    12751.55957         0.94438 
    12761.55957         0.94274 
    12771.55957         0.94128 
    12781.55957         0.93988 
    12791.55957         0.93882 
    12801.55957         0.93781 
    12811.55957         0.93752 
    12821.55957         0.93744 
    12831.55957         0.93732 
    12841.55957         0.93719 
    12851.55957         0.93821 
    12861.55957         0.93951 
    12871.55957         0.94105 
    12881.55957         0.94263 
    12891.55957         0.94423 
    12901.55957         0.94581 
    12911.55957         0.94710 
    12921.55957         0.94830 
    12931.55957         0.94867 
    12941.55957         0.94882 
    12951.55957         0.94902 
    12961.55957         0.94922 
    12971.55957         0.94831 
    12981.55957         0.94713 
    12991.55957         0.94625 
    13001.55957         0.94550 
    13011.55957         0.94385 
    13021.55957         0.94191 
    13031.55957         0.94135 
    13041.55957         0.94114 
    13051.55957         0.94073 
    13061.55957         0.94028 
    13071.55957         0.94071 
    13081.55957         0.94136 
    13091.55957         0.94162 
    13101.55957         0.94179 
    13111.55957         0.94300 
    13121.55957         0.94446 
    13131.55957         0.94543 
    13141.55957         0.94627 
    13151.55957         0.94670 
    13161.55957         0.94701 
    13171.55957         0.94756 
    13181.55957         0.94816 
    13191.55957         0.94861 
    13201.55957         0.94899 
    13211.55957         0.94948 
    13221.55957         0.95003 
    13231.55957         0.95035 
    13241.55957         0.95061 
    13251.55957         0.95122 
    13261.55957         0.95192 
    13271.55957         0.95307 
    13281.55957         0.95435 
    13291.55957         0.95513 
    13301.55957         0.95578 
    13311.55957         0.95578 
    13321.55957         0.95561 
    13331.55957         0.95574 
    13341.55957         0.95596 
    13351.55957         0.95556 
    13361.55957         0.95500 
    13371.55957         0.95448 
    13381.55957         0.95397 
    13391.55957         0.95251 
    13401.55957         0.95071 
    13411.55957         0.94882 
    13421.55957         0.94702 
    13431.55957         0.94525 
    13441.55957         0.94350 
    13451.55957         0.94160 
    13461.55957         0.93966 
    13471.55957         0.93959 
    13481.55957         0.94001 
    13491.55957         0.93975 
    13501.55957         0.93932 
    13511.55957         0.93983 
    13521.55957         0.94057 
    13531.55957         0.94172 
    13541.55957         0.94299 
    13551.55957         0.94493 
    13561.55957         0.94706 
    13571.55957         0.94783 
    13581.55957         0.94822 
    13591.55957         0.94726 
    13601.55957         0.94564 
    13611.55957         0.94640 
    13621.55957         0.94820 
    13631.55957         0.94887 
    13641.55957         0.94922 
    13651.55957         0.94640 
    13661.55957         0.94271 
    13671.55957         0.94139 
    13681.55957         0.94073 
    13691.55957         0.93878 
    13701.55957         0.93646 
    13711.55957         0.93426 
    13721.55957         0.93209 
    13731.55957         0.93018 
    13741.55957         0.92834 
    13751.55957         0.92581 
    13761.55957         0.92309 
    13771.55957         0.92132 
    13781.55957         0.91980 
    13791.55957         0.91606 
    13801.55957         0.91178 
    13811.55957         0.91007 
    13821.55957         0.90895 
    13831.55957         0.90797 
    13841.55957         0.90992 
    13851.55957         0.91021 
    13861.55957         0.91003 
    13871.55957         0.91210 
    13881.55957         0.91483 
    13891.55957         0.91591 
    13901.55957         0.91650 
    13911.55957         0.91879 
    13921.55957         0.92157 
    13931.55957         0.92135 
    13941.55957         0.92024 
    13951.55957         0.92415 
    13961.55957         0.92955 
    13971.55957         0.93100 
    13981.55957         0.93129 
    13991.55957         0.93405 
    14001.55957         0.93729 
    14011.55957         0.93729 
    14021.55957         0.93670 
    14031.55957         0.93822 
    14041.55957         0.94036 
    14051.55957         0.94154 
    14061.55957         0.94244 
    14071.55957         0.94290 
    14081.55957         0.94322 
    14091.55957         0.94480 
    14101.55957         0.94675 
    14111.55957         0.94697 
    14121.55957         0.94666 
    14131.55957         0.94795 
    14141.55957         0.94971 
    14151.55957         0.94929 
    14161.55957         0.94822 
    14171.55957         0.94854 
    14181.55957         0.94930 
    14191.55957         0.94956 
    14201.55957         0.94955 
    14211.55957         0.94915 
    14221.55957         0.94884 
    14231.55957         0.94838 
    14241.55957         0.94788 
    14251.55957         0.94727 
    14261.55957         0.94663 
    14271.55957         0.94558 
    14281.55957         0.94440 
    14291.55957         0.94478 
    14301.55957         0.94563 
    14311.55957         0.94511 
    14321.55957         0.94418 
    14331.55957         0.94365 
    14341.55957         0.94325 
    14351.55957         0.94321 
    14361.55957         0.94329 
    14371.55957         0.94358 
    14381.55957         0.94395 
    14391.55957         0.94391 
    14401.55957         0.94372 
    14411.55957         0.94374 
    14421.55957         0.94387 
    14431.55957         0.94430 
    14441.55957         0.94482 
    14451.55957         0.94523 
    14461.55957         0.94560 
    14471.55957         0.94510 
    14481.55957         0.94432 
    14491.55957         0.94522 
    14501.55957         0.94673 
    14511.55957         0.94733 
    14521.55957         0.94750 
    14531.55957         0.94726 
    14541.55957         0.94690 
    14551.55957         0.94647 
    14561.55957         0.94602 
    14571.55957         0.94505 
    14581.55957         0.94393 
    14591.55957         0.94298 
    14601.55957         0.94208 
    14611.55957         0.94072 
    14621.55957         0.93925 
    14631.55957         0.93825 
    14641.55957         0.93740 
    14651.55957         0.93601 
    14661.55957         0.93445 
    14671.55957         0.93364 
    14681.55957         0.93307 
    14691.55957         0.93251 
    14701.55957         0.93195 
    14711.55957         0.93236 
    14721.55957         0.93309 
    14731.55957         0.93360 
    14741.55957         0.93404 
    14751.55957         0.93420 
    14761.55957         0.93426 
    14771.55957         0.93475 
    14781.55957         0.93538 
    14791.55957         0.93634 
    14801.55957         0.93739 
    14811.55957         0.93800 
    14821.55957         0.93849 
    14831.55957         0.93926 
    14841.55957         0.94014 
    14851.55957         0.94061 
    14861.55957         0.94096 
    14871.55957         0.94109 
    14881.55957         0.94115 
    14891.55957         0.94135 
    14901.55957         0.94160 
    14911.55957         0.94253 
    14921.55957         0.94369 
    14931.55957         0.94398 
    14941.55957         0.94399 
    14951.55957         0.94525 
    14961.55957         0.94694 
    14971.55957         0.94733 
    14981.55957         0.94729 
    14991.55957         0.94811 
    15001.55957         0.94921 
    15011.55957         0.94958 
    15021.55957         0.94970 
    15031.55957         0.94993 
    15041.55957         0.95020 
    15051.55957         0.94965 
    15061.55957         0.94882 
    15071.55957         0.94777 
    15081.55957         0.94665 
    15091.55957         0.94529 
    15101.55957         0.94384 
    15111.55957         0.94224 
    15121.55957         0.94060 
    15131.55957         0.93836 
    15141.55957         0.93591 
    15151.55957         0.93310 
    15161.55957         0.93017 
    15171.55957         0.92749 
    15181.55957         0.92490 
    15191.55957         0.92259 
    15201.55957         0.92037 
    15211.55957         0.91812 
    15221.55957         0.91588 
    15231.55957         0.91456 
    15241.55957         0.91356 
    15251.55957         0.91281 
    15261.55957         0.91215 
    15271.55957         0.91152 
    15281.55957         0.91090 
    15291.55957         0.91081 
    15301.55957         0.91091 
    15311.55957         0.91129 
    15321.55957         0.91176 
    15331.55957         0.91249 
    15341.55957         0.91330 
    15351.55957         0.91407 
    15361.55957         0.91483 
    15371.55957         0.91569 
    15381.55957         0.91660 
    15391.55957         0.91785 
    15401.55957         0.91923 
    15411.55957         0.92013 
    15421.55957         0.92084 
    15431.55957         0.92155 
    15441.55957         0.92226 
    15451.55957         0.92321 
    15461.55957         0.92425 
    15471.55957         0.92498 
    15481.55957         0.92559 
    15491.55957         0.92589 
    15501.55957         0.92609 
    15511.55957         0.92649 
    15521.55957         0.92694 
    15531.55957         0.92698 
    15541.55957         0.92687 
    15551.55957         0.92630 
    15561.55957         0.92557 
    15571.55957         0.92481 
    15581.55957         0.92403 
    15591.55957         0.92294 
    15601.55957         0.92173 
    15611.55957         0.92010 
    15621.55957         0.91833 
    15631.55957         0.91645 
    15641.55957         0.91454 
    15651.55957         0.91207 
    15661.55957         0.90940 
    15671.55957         0.90653 
    15681.55957         0.90357 
    15691.55957         0.90117 
    15701.55957         0.89898 
    15711.55957         0.89620 
    15721.55957         0.89320 
    15731.55957         0.89055 
    15741.55957         0.88803 
    15751.55957         0.88688 
    15761.55957         0.88625 
    15771.55957         0.88654 
    15781.55957         0.88718 
    15791.55957         0.88913 
    15801.55957         0.89157 
    15811.55957         0.89603 
    15821.55957         0.90124 
    15831.55957         0.90724 
    15841.55957         0.91353 
    15851.55957         0.91794 
    15861.55957         0.92164 
    15871.55957         0.91609 
    15881.55957         0.90700 
    15891.55957         0.87961 
    15901.55957         0.84517 
    15911.55957         0.78587 
    15921.55957         0.71703 
    15931.55957         0.63398 
    15941.55957         0.54542 
    15951.55957         0.45993 
    15961.55957         0.37565 
    15971.55957         0.30630 
    15981.55957         0.24282 
    15991.55957         0.19488 
    16001.55957         0.15304 
    16011.55957         0.12196 
    16021.55957         0.09512 
    16031.55957         0.07592 
    16041.55957         0.05972 
    16051.55957         0.04811 
    16061.55957         0.03831 
    16071.55957         0.03126 
    16081.55957         0.02531 
    16091.55957         0.02084 
    16101.55957         0.01695 
    16111.55957         0.01409 
    16121.55957         0.01163 
    16131.55957         0.00971 
    16141.55957         0.00800 
    16151.55957         0.00670 
    16161.55957         0.00556 
    16171.55957         0.00474 
    16181.55957         0.00403 
    16191.55957         0.00346 
    16201.55957         0.00295 
    16211.55957         0.00255 
    16221.55957         0.00221 
    16231.55957         0.00189 
    16241.55957         0.00159 
    16251.55957         0.00141 
    16261.55957         0.00127 
    16271.55957         0.00111 
    16281.55957         0.00000 
