# F475W
# photon
# calib 0
# F475 ACS/WFC http://www.stsci.edu/hst/acs/analysis/throughputs in photons
     3825.00000         0.00000
     3835.00000         0.00086 
     3845.00000         0.00174 
     3855.00000         0.00309 
     3865.00000         0.00548 
     3875.00000         0.00932 
     3885.00000         0.01507 
     3895.00000         0.02287 
     3905.00000         0.03208 
     3915.00000         0.04212 
     3925.00000         0.05255 
     3935.00000         0.06335 
     3945.00000         0.07424 
     3955.00000         0.08569 
     3965.00000         0.09802 
     3975.00000         0.11107 
     3985.00000         0.12441 
     3995.00000         0.13712 
     4005.00000         0.14849 
     4015.00000         0.15862 
     4025.00000         0.16861 
     4035.00000         0.18006 
     4045.00000         0.19296 
     4055.00000         0.20698 
     4065.00000         0.22028 
     4075.00000         0.23130 
     4085.00000         0.23914 
     4095.00000         0.24461 
     4105.00000         0.25035 
     4115.00000         0.25689 
     4125.00000         0.26439 
     4135.00000         0.27273 
     4145.00000         0.27984 
     4155.00000         0.28425 
     4165.00000         0.28578 
     4175.00000         0.28612 
     4185.00000         0.28655 
     4195.00000         0.28880 
     4205.00000         0.29318 
     4215.00000         0.29930 
     4225.00000         0.30577 
     4235.00000         0.31207 
     4245.00000         0.31837 
     4255.00000         0.32389 
     4265.00000         0.32817 
     4275.00000         0.33179 
     4285.00000         0.33534 
     4295.00000         0.33827 
     4305.00000         0.34039 
     4315.00000         0.34223 
     4325.00000         0.34427 
     4335.00000         0.34551 
     4345.00000         0.34687 
     4355.00000         0.34841 
     4365.00000         0.35047 
     4375.00000         0.35206 
     4385.00000         0.35327 
     4395.00000         0.35296 
     4405.00000         0.35133 
     4415.00000         0.35072 
     4425.00000         0.35011 
     4435.00000         0.35000 
     4445.00000         0.35134 
     4455.00000         0.35321 
     4465.00000         0.35568 
     4475.00000         0.35821 
     4485.00000         0.36064 
     4495.00000         0.36289 
     4505.00000         0.36431 
     4515.00000         0.36519 
     4525.00000         0.36568 
     4535.00000         0.36508 
     4545.00000         0.36414 
     4555.00000         0.36223 
     4565.00000         0.36021 
     4575.00000         0.35808 
     4585.00000         0.35657 
     4595.00000         0.35608 
     4605.00000         0.35738 
     4615.00000         0.35885 
     4625.00000         0.36066 
     4635.00000         0.36418 
     4645.00000         0.36652 
     4655.00000         0.36814 
     4665.00000         0.37067 
     4675.00000         0.37256 
     4685.00000         0.37171 
     4695.00000         0.37028 
     4705.00000         0.36956 
     4715.00000         0.37031 
     4725.00000         0.36958 
     4735.00000         0.36800 
     4745.00000         0.36748 
     4755.00000         0.36877 
     4765.00000         0.37037 
     4775.00000         0.37216 
     4785.00000         0.37373 
     4795.00000         0.37353 
     4805.00000         0.37368 
     4815.00000         0.37373 
     4825.00000         0.37261 
     4835.00000         0.37118 
     4845.00000         0.37019 
     4855.00000         0.36955 
     4865.00000         0.36882 
     4875.00000         0.36772 
     4885.00000         0.36765 
     4895.00000         0.36868 
     4905.00000         0.37051 
     4915.00000         0.37332 
     4925.00000         0.37516 
     4935.00000         0.37495 
     4945.00000         0.37602 
     4955.00000         0.37720 
     4965.00000         0.37733 
     4975.00000         0.37733 
     4985.00000         0.37737 
     4995.00000         0.37811 
     5005.00000         0.37725 
     5015.00000         0.37570 
     5025.00000         0.37459 
     5035.00000         0.37285 
     5045.00000         0.36995 
     5055.00000         0.36850 
     5065.00000         0.36870 
     5075.00000         0.36946 
     5085.00000         0.36991 
     5095.00000         0.36947 
     5105.00000         0.37121 
     5115.00000         0.37311 
     5125.00000         0.37344 
     5135.00000         0.37404 
     5145.00000         0.37388 
     5155.00000         0.37286 
     5165.00000         0.37209 
     5175.00000         0.36995 
     5185.00000         0.36693 
     5195.00000         0.36431 
     5205.00000         0.36271 
     5215.00000         0.36202 
     5225.00000         0.36059 
     5235.00000         0.36030 
     5245.00000         0.36050 
     5255.00000         0.36114 
     5265.00000         0.36059 
     5275.00000         0.35799 
     5285.00000         0.35625 
     5295.00000         0.35363 
     5305.00000         0.34979 
     5315.00000         0.34445 
     5325.00000         0.33778 
     5335.00000         0.33205 
     5345.00000         0.32797 
     5355.00000         0.32580 
     5365.00000         0.32472 
     5375.00000         0.32649 
     5385.00000         0.33217 
     5395.00000         0.34048 
     5405.00000         0.34822 
     5415.00000         0.35255 
     5425.00000         0.35190 
     5435.00000         0.34594 
     5445.00000         0.33246 
     5455.00000         0.30787 
     5465.00000         0.26969 
     5475.00000         0.21814 
     5485.00000         0.16023 
     5495.00000         0.10569 
     5505.00000         0.06446 
     5515.00000         0.03740 
     5525.00000         0.02150 
     5535.00000         0.01263 
     5545.00000         0.00762 
     5555.00000         0.00480 
     5565.00000         0.00318 
     5575.00000         0.00244 
     5585.00000         0.00218 
     5595.00000         0.00188 
     5605.00000         0.00153 
     5615.00000         0.00119 
     5625.00000         0.00084 
     5635.00000         0.00062 
     5645.00000         0.00054 
     5655.00000         0.00046 
     5665.00000         0.00000
