# F435W
# photon
# calib 0
# F435 ACS/WFC http://www.stsci.edu/hst/acs/analysis/throughputs 
     3552.00000         0.00000
     3562.00000         0.00054 
     3572.00000         0.00073 
     3582.00000         0.00101 
     3592.00000         0.00176 
     3602.00000         0.00322 
     3612.00000         0.00524 
     3622.00000         0.00734 
     3632.00000         0.01000 
     3642.00000         0.01454 
     3652.00000         0.02064 
     3662.00000         0.02538 
     3672.00000         0.02841 
     3682.00000         0.03369 
     3692.00000         0.04154 
     3702.00000         0.04933 
     3712.00000         0.05476 
     3722.00000         0.06090 
     3732.00000         0.06845 
     3742.00000         0.08144 
     3752.00000         0.09205 
     3762.00000         0.10069 
     3772.00000         0.10672 
     3782.00000         0.11499 
     3792.00000         0.12344 
     3802.00000         0.13047 
     3812.00000         0.13396 
     3822.00000         0.14566 
     3832.00000         0.15264 
     3842.00000         0.16438 
     3852.00000         0.17131 
     3862.00000         0.17978 
     3872.00000         0.18544 
     3882.00000         0.19241 
     3892.00000         0.19791 
     3902.00000         0.20789 
     3912.00000         0.21432 
     3922.00000         0.22602 
     3932.00000         0.23482 
     3942.00000         0.24216 
     3952.00000         0.24853 
     3962.00000         0.25379 
     3972.00000         0.25698 
     3982.00000         0.26096 
     3992.00000         0.26455 
     4002.00000         0.26816 
     4012.00000         0.27008 
     4022.00000         0.27841 
     4032.00000         0.28070 
     4042.00000         0.28881 
     4052.00000         0.28881 
     4062.00000         0.29797 
     4072.00000         0.29874 
     4082.00000         0.30164 
     4092.00000         0.29728 
     4102.00000         0.30378 
     4112.00000         0.29877 
     4122.00000         0.30329 
     4132.00000         0.30397 
     4142.00000         0.31289 
     4152.00000         0.31122 
     4162.00000         0.31540 
     4172.00000         0.31404 
     4182.00000         0.32074 
     4192.00000         0.31901 
     4202.00000         0.32414 
     4212.00000         0.32543 
     4222.00000         0.33596 
     4232.00000         0.33378 
     4242.00000         0.34534 
     4252.00000         0.33762 
     4262.00000         0.34628 
     4272.00000         0.33690 
     4282.00000         0.34481 
     4292.00000         0.33666 
     4302.00000         0.33494 
     4312.00000         0.32826 
     4322.00000         0.33923 
     4332.00000         0.33977 
     4342.00000         0.34464 
     4352.00000         0.34062 
     4362.00000         0.35150 
     4372.00000         0.35119 
     4382.00000         0.35581 
     4392.00000         0.35299 
     4402.00000         0.36098 
     4412.00000         0.36116 
     4422.00000         0.36108 
     4432.00000         0.35215 
     4442.00000         0.35393 
     4452.00000         0.34816 
     4462.00000         0.35335 
     4472.00000         0.35102 
     4482.00000         0.35610 
     4492.00000         0.35508 
     4502.00000         0.35810 
     4512.00000         0.35117 
     4522.00000         0.35416 
     4532.00000         0.35129 
     4542.00000         0.36545 
     4552.00000         0.37130 
     4562.00000         0.37492 
     4572.00000         0.37931 
     4582.00000         0.37374 
     4592.00000         0.36584 
     4602.00000         0.35074 
     4612.00000         0.36962 
     4622.00000         0.35735 
     4632.00000         0.36285 
     4642.00000         0.35951 
     4652.00000         0.36019 
     4662.00000         0.35512 
     4672.00000         0.35709 
     4682.00000         0.34795 
     4692.00000         0.35206 
     4702.00000         0.34633 
     4712.00000         0.35133 
     4722.00000         0.34547 
     4732.00000         0.34115 
     4742.00000         0.34715 
     4752.00000         0.34325 
     4762.00000         0.34942 
     4772.00000         0.34983 
     4782.00000         0.34859 
     4792.00000         0.32466 
     4802.00000         0.28549 
     4812.00000         0.20846 
     4822.00000         0.14437 
     4832.00000         0.07734 
     4842.00000         0.03875 
     4852.00000         0.01874 
     4862.00000         0.00969 
     4872.00000         0.00509 
     4882.00000         0.00313 
     4892.00000         0.00217 
     4902.00000         0.00136 
     4912.00000         0.00109 
     4922.00000         0.00081 
     4932.00000         0.00000
