# F814W
# photon
# calib 0
# F814 ACS/WFC http://www.stsci.edu/hst/acs/analysis/throughputs 
     6765.50000         0.00000
     6775.50000         0.00075 
     6785.50000         0.00104 
     6795.50000         0.00134 
     6805.50000         0.00163 
     6815.50000         0.00192 
     6825.50000         0.00222 
     6835.50000         0.00251 
     6845.50000         0.00280 
     6855.50000         0.00309 
     6865.50000         0.00339 
     6875.50000         0.00368 
     6885.50000         0.00489 
     6895.50000         0.00725 
     6905.50000         0.01063 
     6915.50000         0.01524 
     6925.50000         0.02113 
     6935.50000         0.02866 
     6945.50000         0.03779 
     6955.50000         0.04884 
     6965.50000         0.06128 
     6975.50000         0.07512 
     6985.50000         0.09099 
     6995.50000         0.10016 
     7005.50000         0.11304 
     7015.50000         0.13161 
     7025.50000         0.15145 
     7035.50000         0.17233 
     7045.50000         0.19178 
     7055.50000         0.21035 
     7065.50000         0.22949 
     7075.50000         0.24893 
     7085.50000         0.26673 
     7095.50000         0.28075 
     7105.50000         0.29511 
     7115.50000         0.30725 
     7125.50000         0.31875 
     7135.50000         0.32909 
     7145.50000         0.34069 
     7155.50000         0.34872 
     7165.50000         0.35420 
     7175.50000         0.36452 
     7185.50000         0.37402 
     7195.50000         0.38476 
     7205.50000         0.39343 
     7215.50000         0.39877 
     7225.50000         0.40382 
     7235.50000         0.41100 
     7245.50000         0.41572 
     7255.50000         0.42347 
     7265.50000         0.42785 
     7275.50000         0.42656 
     7285.50000         0.42743 
     7295.50000         0.42840 
     7305.50000         0.42773 
     7315.50000         0.43024 
     7325.50000         0.43003 
     7335.50000         0.43218 
     7345.50000         0.43431 
     7355.50000         0.43193 
     7365.50000         0.43401 
     7375.50000         0.43104 
     7385.50000         0.43649 
     7395.50000         0.44065 
     7405.50000         0.43625 
     7415.50000         0.43479 
     7425.50000         0.43626 
     7435.50000         0.44026 
     7445.50000         0.44044 
     7455.50000         0.44519 
     7465.50000         0.43793 
     7475.50000         0.42982 
     7485.50000         0.43830 
     7495.50000         0.43805 
     7505.50000         0.42709 
     7515.50000         0.42886 
     7525.50000         0.42909 
     7535.50000         0.42292 
     7545.50000         0.42029 
     7555.50000         0.41367 
     7565.50000         0.41112 
     7575.50000         0.41685 
     7585.50000         0.41625 
     7595.50000         0.40976 
     7605.50000         0.41455 
     7615.50000         0.40922 
     7625.50000         0.41127 
     7635.50000         0.42156 
     7645.50000         0.42321 
     7655.50000         0.42788 
     7665.50000         0.42828 
     7675.50000         0.42446 
     7685.50000         0.42296 
     7695.50000         0.41634 
     7705.50000         0.41335 
     7715.50000         0.40987 
     7725.50000         0.40787 
     7735.50000         0.40292 
     7745.50000         0.39836 
     7755.50000         0.40044 
     7765.50000         0.39592 
     7775.50000         0.38941 
     7785.50000         0.38455 
     7795.50000         0.38504 
     7805.50000         0.38699 
     7815.50000         0.38646 
     7825.50000         0.38723 
     7835.50000         0.38825 
     7845.50000         0.38967 
     7855.50000         0.38988 
     7865.50000         0.39319 
     7875.50000         0.39369 
     7885.50000         0.39119 
     7895.50000         0.39144 
     7905.50000         0.39096 
     7915.50000         0.39169 
     7925.50000         0.38855 
     7935.50000         0.38434 
     7945.50000         0.38576 
     7955.50000         0.37893 
     7965.50000         0.37612 
     7975.50000         0.37728 
     7985.50000         0.37926 
     7995.50000         0.37758 
     8005.50000         0.37387 
     8015.50000         0.37213 
     8025.50000         0.36709 
     8035.50000         0.36892 
     8045.50000         0.36878 
     8055.50000         0.36758 
     8065.50000         0.36541 
     8075.50000         0.36221 
     8085.50000         0.36383 
     8095.50000         0.36052 
     8105.50000         0.35996 
     8115.50000         0.36273 
     8125.50000         0.36502 
     8135.50000         0.36069 
     8145.50000         0.35195 
     8155.50000         0.35330 
     8165.50000         0.35379 
     8175.50000         0.34832 
     8185.50000         0.34753 
     8195.50000         0.34603 
     8205.50000         0.34677 
     8215.50000         0.34602 
     8225.50000         0.34064 
     8235.50000         0.33921 
     8245.50000         0.33937 
     8255.50000         0.33908 
     8265.50000         0.33639 
     8275.50000         0.33631 
     8285.50000         0.33640 
     8295.50000         0.33241 
     8305.50000         0.32770 
     8315.50000         0.32620 
     8325.50000         0.32634 
     8335.50000         0.32427 
     8345.50000         0.32261 
     8355.50000         0.32168 
     8365.50000         0.31993 
     8375.50000         0.31878 
     8385.50000         0.31570 
     8395.50000         0.31638 
     8405.50000         0.31506 
     8415.50000         0.31243 
     8425.50000         0.31300 
     8435.50000         0.31180 
     8445.50000         0.31041 
     8455.50000         0.30515 
     8465.50000         0.30301 
     8475.50000         0.30420 
     8485.50000         0.30291 
     8495.50000         0.29883 
     8505.50000         0.29680 
     8515.50000         0.29575 
     8525.50000         0.29873 
     8535.50000         0.29515 
     8545.50000         0.29136 
     8555.50000         0.29499 
     8565.50000         0.29746 
     8575.50000         0.29050 
     8585.50000         0.28855 
     8595.50000         0.28743 
     8605.50000         0.28315 
     8615.50000         0.28150 
     8625.50000         0.28148 
     8635.50000         0.28137 
     8645.50000         0.27729 
     8655.50000         0.27538 
     8665.50000         0.27517 
     8675.50000         0.27127 
     8685.50000         0.26892 
     8695.50000         0.26770 
     8705.50000         0.26400 
     8715.50000         0.26346 
     8725.50000         0.26161 
     8735.50000         0.25840 
     8745.50000         0.25724 
     8755.50000         0.25390 
     8765.50000         0.25293 
     8775.50000         0.25318 
     8785.50000         0.25140 
     8795.50000         0.24934 
     8805.50000         0.24875 
     8815.50000         0.24790 
     8825.50000         0.24630 
     8835.50000         0.24497 
     8845.50000         0.24430 
     8855.50000         0.24254 
     8865.50000         0.24022 
     8875.50000         0.23756 
     8885.50000         0.23524 
     8895.50000         0.23329 
     8905.50000         0.23217 
     8915.50000         0.22777 
     8925.50000         0.22334 
     8935.50000         0.22317 
     8945.50000         0.22199 
     8955.50000         0.21874 
     8965.50000         0.21444 
     8975.50000         0.21272 
     8985.50000         0.21197 
     8995.50000         0.21096 
     9005.50000         0.21100 
     9015.50000         0.21022 
     9025.50000         0.20828 
     9035.50000         0.20599 
     9045.50000         0.20421 
     9055.50000         0.20165 
     9065.50000         0.19957 
     9075.50000         0.19963 
     9085.50000         0.19677 
     9095.50000         0.19372 
     9105.50000         0.19124 
     9115.50000         0.19123 
     9125.50000         0.19095 
     9135.50000         0.18719 
     9145.50000         0.18505 
     9155.50000         0.18474 
     9165.50000         0.18305 
     9175.50000         0.18135 
     9185.50000         0.18010 
     9195.50000         0.17907 
     9205.50000         0.17890 
     9215.50000         0.17760 
     9225.50000         0.17609 
     9235.50000         0.17471 
     9245.50000         0.17277 
     9255.50000         0.17217 
     9265.50000         0.17207 
     9275.50000         0.17049 
     9285.50000         0.16794 
     9295.50000         0.16651 
     9305.50000         0.16508 
     9315.50000         0.16376 
     9325.50000         0.16187 
     9335.50000         0.15951 
     9345.50000         0.15796 
     9355.50000         0.15625 
     9365.50000         0.15424 
     9375.50000         0.15231 
     9385.50000         0.15006 
     9395.50000         0.14817 
     9405.50000         0.14580 
     9415.50000         0.14080 
     9425.50000         0.13815 
     9435.50000         0.13680 
     9445.50000         0.13382 
     9455.50000         0.13081 
     9465.50000         0.12765 
     9475.50000         0.12523 
     9485.50000         0.12289 
     9495.50000         0.12096 
     9505.50000         0.11992 
     9515.50000         0.11934 
     9525.50000         0.11865 
     9535.50000         0.11729 
     9545.50000         0.11322 
     9555.50000         0.10502 
     9565.50000         0.09206 
     9575.50000         0.07512 
     9585.50000         0.05647 
     9595.50000         0.03933 
     9605.50000         0.02575 
     9615.50000         0.01602 
     9625.50000         0.00982 
     9635.50000         0.00610 
     9645.50000         0.00388 
     9655.50000         0.00251 
     9665.50000         0.00166 
     9675.50000         0.00114 
     9685.50000         0.00080 
     9695.50000         0.00000
