# F125W
# photon
# calib 0
# F125W WFC3 from Peter Capak web page 
    10726.58008         0.00000
    10736.58008         0.00084 
    10746.58008         0.00100 
    10756.58008         0.00121 
    10766.58008         0.00150 
    10776.58008         0.00173 
    10786.58008         0.00237 
    10796.58008         0.00330 
    10806.58008         0.00393 
    10816.58008         0.00495 
    10826.58008         0.00632 
    10836.58008         0.00818 
    10846.58008         0.01052 
    10856.58008         0.01382 
    10866.58008         0.01846 
    10876.58008         0.02432 
    10886.58008         0.03232 
    10896.58008         0.04311 
    10906.58008         0.05803 
    10916.58008         0.07777 
    10926.58008         0.10436 
    10936.58008         0.13929 
    10946.58008         0.18298 
    10956.58008         0.23732 
    10966.58008         0.29994 
    10976.58008         0.37172 
    10986.58008         0.44853 
    10996.58008         0.52581 
    11006.58008         0.60029 
    11016.58008         0.66692 
    11026.58008         0.72355 
    11036.58008         0.76843 
    11046.58008         0.80229 
    11056.58008         0.82649 
    11066.58008         0.84334 
    11076.58008         0.85495 
    11086.58008         0.86260 
    11096.58008         0.86804 
    11106.58008         0.87202 
    11116.58008         0.87512 
    11126.58008         0.87778 
    11136.58008         0.88001 
    11146.58008         0.88178 
    11156.58008         0.88323 
    11166.58008         0.88419 
    11176.58008         0.88466 
    11186.58008         0.88527 
    11196.58008         0.88582 
    11206.58008         0.88647 
    11216.58008         0.88737 
    11226.58008         0.88843 
    11236.58008         0.88916 
    11246.58008         0.88989 
    11256.58008         0.89027 
    11266.58008         0.89017 
    11276.58008         0.89020 
    11286.58008         0.88969 
    11296.58008         0.88891 
    11306.58008         0.88770 
    11316.58008         0.88630 
    11326.58008         0.88489 
    11336.58008         0.88353 
    11346.58008         0.88246 
    11356.58008         0.88222 
    11366.58008         0.88221 
    11376.58008         0.88210 
    11386.58008         0.88314 
    11396.58008         0.88470 
    11406.58008         0.88649 
    11416.58008         0.88848 
    11426.58008         0.89033 
    11436.58008         0.89194 
    11446.58008         0.89290 
    11456.58008         0.89333 
    11466.58008         0.89330 
    11476.58008         0.89301 
    11486.58008         0.89196 
    11496.58008         0.89088 
    11506.58008         0.88976 
    11516.58008         0.88880 
    11526.58008         0.88832 
    11536.58008         0.88831 
    11546.58008         0.88977 
    11556.58008         0.89222 
    11566.58008         0.89548 
    11576.58008         0.89957 
    11586.58008         0.90416 
    11596.58008         0.90855 
    11606.58008         0.91276 
    11616.58008         0.91653 
    11626.58008         0.91945 
    11636.58008         0.92137 
    11646.58008         0.92228 
    11656.58008         0.92192 
    11666.58008         0.92041 
    11676.58008         0.91840 
    11686.58008         0.91601 
    11696.58008         0.91340 
    11706.58008         0.91109 
    11716.58008         0.90904 
    11726.58008         0.90749 
    11736.58008         0.90678 
    11746.58008         0.90688 
    11756.58008         0.90750 
    11766.58008         0.90885 
    11776.58008         0.91043 
    11786.58008         0.91218 
    11796.58008         0.91384 
    11806.58008         0.91496 
    11816.58008         0.91581 
    11826.58008         0.91591 
    11836.58008         0.91544 
    11846.58008         0.91457 
    11856.58008         0.91316 
    11866.58008         0.91162 
    11876.58008         0.90987 
    11886.58008         0.90836 
    11896.58008         0.90717 
    11906.58008         0.90694 
    11916.58008         0.90696 
    11926.58008         0.90732 
    11936.58008         0.90829 
    11946.58008         0.90915 
    11956.58008         0.91083 
    11966.58008         0.91274 
    11976.58008         0.91496 
    11986.58008         0.91667 
    11996.58008         0.91773 
    12006.58008         0.91842 
    12016.58008         0.91915 
    12026.58008         0.91970 
    12036.58008         0.91957 
    12046.58008         0.91892 
    12056.58008         0.91823 
    12066.58008         0.91790 
    12076.58008         0.91766 
    12086.58008         0.91803 
    12096.58008         0.91858 
    12106.58008         0.91924 
    12116.58008         0.92004 
    12126.58008         0.92095 
    12136.58008         0.92185 
    12146.58008         0.92267 
    12156.58008         0.92309 
    12166.58008         0.92276 
    12176.58008         0.92235 
    12186.58008         0.92172 
    12196.58008         0.92070 
    12206.58008         0.91938 
    12216.58008         0.91751 
    12226.58008         0.91552 
    12236.58008         0.91330 
    12246.58008         0.91177 
    12256.58008         0.91081 
    12266.58008         0.91074 
    12276.58008         0.91100 
    12286.58008         0.91183 
    12296.58008         0.91321 
    12306.58008         0.91507 
    12316.58008         0.91735 
    12326.58008         0.91974 
    12336.58008         0.92215 
    12346.58008         0.92436 
    12356.58008         0.92622 
    12366.58008         0.92755 
    12376.58008         0.92830 
    12386.58008         0.92852 
    12396.58008         0.92824 
    12406.58008         0.92748 
    12416.58008         0.92647 
    12426.58008         0.92525 
    12436.58008         0.92365 
    12446.58008         0.92258 
    12456.58008         0.92197 
    12466.58008         0.92181 
    12476.58008         0.92240 
    12486.58008         0.92315 
    12496.58008         0.92408 
    12506.58008         0.92536 
    12516.58008         0.92666 
    12526.58008         0.92802 
    12536.58008         0.92909 
    12546.58008         0.92966 
    12556.58008         0.92977 
    12566.58008         0.92928 
    12576.58008         0.92810 
    12586.58008         0.92636 
    12596.58008         0.92420 
    12606.58008         0.92161 
    12616.58008         0.91897 
    12626.58008         0.91617 
    12636.58008         0.91371 
    12646.58008         0.91135 
    12656.58008         0.90990 
    12666.58008         0.90918 
    12676.58008         0.90950 
    12686.58008         0.91046 
    12696.58008         0.91181 
    12706.58008         0.91338 
    12716.58008         0.91582 
    12726.58008         0.91871 
    12736.58008         0.92223 
    12746.58008         0.92551 
    12756.58008         0.92833 
    12766.58008         0.93086 
    12776.58008         0.93320 
    12786.58008         0.93525 
    12796.58008         0.93710 
    12806.58008         0.93874 
    12816.58008         0.93964 
    12826.58008         0.94011 
    12836.58008         0.94015 
    12846.58008         0.93999 
    12856.58008         0.93955 
    12866.58008         0.93893 
    12876.58008         0.93804 
    12886.58008         0.93681 
    12896.58008         0.93530 
    12906.58008         0.93307 
    12916.58008         0.93062 
    12926.58008         0.92807 
    12936.58008         0.92494 
    12946.58008         0.92169 
    12956.58008         0.91795 
    12966.58008         0.91418 
    12976.58008         0.91065 
    12986.58008         0.90702 
    12996.58008         0.90364 
    13006.58008         0.90073 
    13016.58008         0.89855 
    13026.58008         0.89707 
    13036.58008         0.89644 
    13046.58008         0.89677 
    13056.58008         0.89793 
    13066.58008         0.89996 
    13076.58008         0.90280 
    13086.58008         0.90634 
    13096.58008         0.91039 
    13106.58008         0.91500 
    13116.58008         0.91975 
    13126.58008         0.92444 
    13136.58008         0.92887 
    13146.58008         0.93300 
    13156.58008         0.93654 
    13166.58008         0.93984 
    13176.58008         0.94272 
    13186.58008         0.94507 
    13196.58008         0.94704 
    13206.58008         0.94816 
    13216.58008         0.94861 
    13226.58008         0.94862 
    13236.58008         0.94872 
    13246.58008         0.94897 
    13256.58008         0.94919 
    13266.58008         0.94893 
    13276.58008         0.94828 
    13286.58008         0.94737 
    13296.58008         0.94651 
    13306.58008         0.94563 
    13316.58008         0.94415 
    13326.58008         0.94209 
    13336.58008         0.93933 
    13346.58008         0.93593 
    13356.58008         0.93217 
    13366.58008         0.92824 
    13376.58008         0.92413 
    13386.58008         0.91996 
    13396.58008         0.91611 
    13406.58008         0.91214 
    13416.58008         0.90807 
    13426.58008         0.90437 
    13436.58008         0.90134 
    13446.58008         0.89970 
    13456.58008         0.89851 
    13466.58008         0.89758 
    13476.58008         0.89824 
    13486.58008         0.89903 
    13496.58008         0.90035 
    13506.58008         0.90246 
    13516.58008         0.90497 
    13526.58008         0.90727 
    13536.58008         0.91035 
    13546.58008         0.91290 
    13556.58008         0.91567 
    13566.58008         0.91848 
    13576.58008         0.92084 
    13586.58008         0.92307 
    13596.58008         0.92530 
    13606.58008         0.92649 
    13616.58008         0.92648 
    13626.58008         0.92648 
    13636.58008         0.92663 
    13646.58008         0.92651 
    13656.58008         0.92627 
    13666.58008         0.92611 
    13676.58008         0.92546 
    13686.58008         0.92462 
    13696.58008         0.92387 
    13706.58008         0.92245 
    13716.58008         0.92083 
    13726.58008         0.91944 
    13736.58008         0.91749 
    13746.58008         0.91507 
    13756.58008         0.91211 
    13766.58008         0.90904 
    13776.58008         0.90533 
    13786.58008         0.90112 
    13796.58008         0.89608 
    13806.58008         0.89006 
    13816.58008         0.88345 
    13826.58008         0.87637 
    13836.58008         0.87160 
    13846.58008         0.86783 
    13856.58008         0.86468 
    13866.58008         0.86352 
    13876.58008         0.86384 
    13886.58008         0.86664 
    13896.58008         0.87201 
    13906.58008         0.87900 
    13916.58008         0.88513 
    13926.58008         0.88684 
    13936.58008         0.87833 
    13946.58008         0.85542 
    13956.58008         0.81651 
    13966.58008         0.75942 
    13976.58008         0.68543 
    13986.58008         0.59437 
    13996.58008         0.49642 
    14006.58008         0.40145 
    14016.58008         0.31086 
    14026.58008         0.23195 
    14036.58008         0.17059 
    14046.58008         0.12609 
    14056.58008         0.09355 
    14066.58008         0.06906 
    14076.58008         0.05051 
    14086.58008         0.03735 
    14096.58008         0.02801 
    14106.58008         0.02172 
    14116.58008         0.01658 
    14126.58008         0.01301 
    14136.58008         0.01020 
    14146.58008         0.00789 
    14156.58008         0.00645 
    14166.58008         0.00538 
    14176.58008         0.00412 
    14186.58008         0.00333 
    14196.58008         0.00269 
    14206.58008         0.00200 
    14216.58008         0.00160 
    14226.58008         0.00167 
    14236.58008         0.00136 
    14246.58008         0.00000
