# F555W
# photon
# calib 0
# F555 ACS/WFC http://www.stsci.edu/hst/acs/analysis/throughputs in photons
     4517.00000         0.00000
     4527.00000         0.00058 
     4537.00000         0.00084 
     4547.00000         0.00109 
     4557.00000         0.00135 
     4567.00000         0.00231 
     4577.00000         0.00359 
     4587.00000         0.00492 
     4597.00000         0.00655 
     4607.00000         0.00874 
     4617.00000         0.01156 
     4627.00000         0.01523 
     4637.00000         0.01984 
     4647.00000         0.02564 
     4657.00000         0.03285 
     4667.00000         0.04135 
     4677.00000         0.05090 
     4687.00000         0.06188 
     4697.00000         0.07651 
     4707.00000         0.09050 
     4717.00000         0.10382 
     4727.00000         0.11786 
     4737.00000         0.13129 
     4747.00000         0.14512 
     4757.00000         0.16029 
     4767.00000         0.17407 
     4777.00000         0.18888 
     4787.00000         0.20434 
     4797.00000         0.21978 
     4807.00000         0.23301 
     4817.00000         0.24675 
     4827.00000         0.25973 
     4837.00000         0.27189 
     4847.00000         0.28142 
     4857.00000         0.29184 
     4867.00000         0.29860 
     4877.00000         0.30427 
     4887.00000         0.31010 
     4897.00000         0.31463 
     4907.00000         0.31811 
     4917.00000         0.32183 
     4927.00000         0.32478 
     4937.00000         0.32776 
     4947.00000         0.32702 
     4957.00000         0.33335 
     4967.00000         0.33810 
     4977.00000         0.34513 
     4987.00000         0.34818 
     4997.00000         0.35187 
     5007.00000         0.35671 
     5017.00000         0.36014 
     5027.00000         0.36120 
     5037.00000         0.36386 
     5047.00000         0.36359 
     5057.00000         0.36585 
     5067.00000         0.36332 
     5077.00000         0.36303 
     5087.00000         0.36029 
     5097.00000         0.35777 
     5107.00000         0.35612 
     5117.00000         0.35530 
     5127.00000         0.35503 
     5137.00000         0.35415 
     5147.00000         0.35320 
     5157.00000         0.35327 
     5167.00000         0.35523 
     5177.00000         0.35856 
     5187.00000         0.35910 
     5197.00000         0.36139 
     5207.00000         0.36246 
     5217.00000         0.36479 
     5227.00000         0.36593 
     5237.00000         0.36784 
     5247.00000         0.36709 
     5257.00000         0.36620 
     5267.00000         0.36678 
     5277.00000         0.36610 
     5287.00000         0.36187 
     5297.00000         0.36133 
     5307.00000         0.35871 
     5317.00000         0.35761 
     5327.00000         0.35490 
     5337.00000         0.35492 
     5347.00000         0.35376 
     5357.00000         0.35298 
     5367.00000         0.35278 
     5377.00000         0.35570 
     5387.00000         0.35736 
     5397.00000         0.35899 
     5407.00000         0.36039 
     5417.00000         0.36173 
     5427.00000         0.36485 
     5437.00000         0.36762 
     5447.00000         0.36918 
     5457.00000         0.36870 
     5467.00000         0.37038 
     5477.00000         0.37199 
     5487.00000         0.37212 
     5497.00000         0.37525 
     5507.00000         0.37310 
     5517.00000         0.37100 
     5527.00000         0.36910 
     5537.00000         0.36766 
     5547.00000         0.36458 
     5557.00000         0.36410 
     5567.00000         0.36017 
     5577.00000         0.35888 
     5587.00000         0.35613 
     5597.00000         0.35331 
     5607.00000         0.34886 
     5617.00000         0.34635 
     5627.00000         0.34387 
     5637.00000         0.34502 
     5647.00000         0.34180 
     5657.00000         0.33647 
     5667.00000         0.33487 
     5677.00000         0.33424 
     5687.00000         0.32907 
     5697.00000         0.32529 
     5707.00000         0.32373 
     5717.00000         0.32111 
     5727.00000         0.31376 
     5737.00000         0.31204 
     5747.00000         0.30805 
     5757.00000         0.30416 
     5767.00000         0.29986 
     5777.00000         0.29661 
     5787.00000         0.29317 
     5797.00000         0.29108 
     5807.00000         0.28563 
     5817.00000         0.28195 
     5827.00000         0.27622 
     5837.00000         0.27162 
     5847.00000         0.26635 
     5857.00000         0.26209 
     5867.00000         0.25630 
     5877.00000         0.25148 
     5887.00000         0.24450 
     5897.00000         0.23917 
     5907.00000         0.23234 
     5917.00000         0.22651 
     5927.00000         0.22056 
     5937.00000         0.21695 
     5947.00000         0.21320 
     5957.00000         0.20764 
     5967.00000         0.20390 
     5977.00000         0.20232 
     5987.00000         0.20052 
     5997.00000         0.19914 
     6007.00000         0.19413 
     6017.00000         0.18799 
     6027.00000         0.17698 
     6037.00000         0.16380 
     6047.00000         0.14648 
     6057.00000         0.12478 
     6067.00000         0.10160 
     6077.00000         0.08015 
     6087.00000         0.06118 
     6097.00000         0.04602 
     6107.00000         0.03429 
     6117.00000         0.02564 
     6127.00000         0.01920 
     6137.00000         0.01439 
     6147.00000         0.01076 
     6157.00000         0.00814 
     6167.00000         0.00625 
     6177.00000         0.00484 
     6187.00000         0.00424 
     6197.00000         0.00393 
     6207.00000         0.00342 
     6217.00000         0.00284 
     6227.00000         0.00225 
     6237.00000         0.00167 
     6247.00000         0.00134 
     6257.00000         0.00113 
     6267.00000         0.00092 
     6277.00000         0.00070 
     6287.00000         0.00058 
     6297.00000         0.00049 
     6307.00000         0.00000
