# F160W
# photon
# calib 0
# F160W WFC3 from Peter Capak web page 
    13733.16895         0.00000
    13743.16895         0.00107 
    13753.16895         0.00125 
    13763.16895         0.00142 
    13773.16895         0.00190 
    13783.16895         0.00239 
    13793.16895         0.00293 
    13803.16895         0.00346 
    13813.16895         0.00408 
    13823.16895         0.00470 
    13833.16895         0.00592 
    13843.16895         0.00721 
    13853.16895         0.00934 
    13863.16895         0.01155 
    13873.16895         0.01516 
    13883.16895         0.01889 
    13893.16895         0.02509 
    13903.16895         0.03148 
    13913.16895         0.04315 
    13923.16895         0.05527 
    13933.16895         0.08091 
    13943.16895         0.10768 
    13953.16895         0.15142 
    13963.16895         0.19656 
    13973.16895         0.27138 
    13983.16895         0.34869 
    13993.16895         0.44999 
    14003.16895         0.55322 
    14013.16895         0.63682 
    14023.16895         0.71913 
    14033.16895         0.77327 
    14043.16895         0.82534 
    14053.16895         0.84533 
    14063.16895         0.86287 
    14073.16895         0.86698 
    14083.16895         0.87012 
    14093.16895         0.86989 
    14103.16895         0.86939 
    14113.16895         0.86805 
    14123.16895         0.86665 
    14133.16895         0.86751 
    14143.16895         0.86855 
    14153.16895         0.87097 
    14163.16895         0.87351 
    14173.16895         0.87832 
    14183.16895         0.88332 
    14193.16895         0.89048 
    14203.16895         0.89754 
    14213.16895         0.90486 
    14223.16895         0.91224 
    14233.16895         0.91890 
    14243.16895         0.92549 
    14253.16895         0.93002 
    14263.16895         0.93440 
    14273.16895         0.93769 
    14283.16895         0.94090 
    14293.16895         0.94157 
    14303.16895         0.94204 
    14313.16895         0.94188 
    14323.16895         0.94167 
    14333.16895         0.94163 
    14343.16895         0.94161 
    14353.16895         0.94146 
    14363.16895         0.94130 
    14373.16895         0.94189 
    14383.16895         0.94254 
    14393.16895         0.94333 
    14403.16895         0.94407 
    14413.16895         0.94424 
    14423.16895         0.94437 
    14433.16895         0.94433 
    14443.16895         0.94428 
    14453.16895         0.94413 
    14463.16895         0.94398 
    14473.16895         0.94228 
    14483.16895         0.94045 
    14493.16895         0.93814 
    14503.16895         0.93597 
    14513.16895         0.93360 
    14523.16895         0.93119 
    14533.16895         0.92921 
    14543.16895         0.92727 
    14553.16895         0.92542 
    14563.16895         0.92357 
    14573.16895         0.92256 
    14583.16895         0.92162 
    14593.16895         0.92196 
    14603.16895         0.92238 
    14613.16895         0.92382 
    14623.16895         0.92537 
    14633.16895         0.92735 
    14643.16895         0.92937 
    14653.16895         0.93187 
    14663.16895         0.93442 
    14673.16895         0.93640 
    14683.16895         0.93833 
    14693.16895         0.93942 
    14703.16895         0.94044 
    14713.16895         0.94014 
    14723.16895         0.93972 
    14733.16895         0.93816 
    14743.16895         0.93650 
    14753.16895         0.93405 
    14763.16895         0.93152 
    14773.16895         0.92721 
    14783.16895         0.92272 
    14793.16895         0.91888 
    14803.16895         0.91508 
    14813.16895         0.91135 
    14823.16895         0.90764 
    14833.16895         0.90418 
    14843.16895         0.90075 
    14853.16895         0.89902 
    14863.16895         0.89746 
    14873.16895         0.89681 
    14883.16895         0.89625 
    14893.16895         0.89678 
    14903.16895         0.89741 
    14913.16895         0.89918 
    14923.16895         0.90106 
    14933.16895         0.90324 
    14943.16895         0.90545 
    14953.16895         0.90862 
    14963.16895         0.91188 
    14973.16895         0.91506 
    14983.16895         0.91822 
    14993.16895         0.92104 
    15003.16895         0.92381 
    15013.16895         0.92626 
    15023.16895         0.92868 
    15033.16895         0.93075 
    15043.16895         0.93279 
    15053.16895         0.93400 
    15063.16895         0.93513 
    15073.16895         0.93634 
    15083.16895         0.93756 
    15093.16895         0.93831 
    15103.16895         0.93901 
    15113.16895         0.93923 
    15123.16895         0.93940 
    15133.16895         0.93927 
    15143.16895         0.93911 
    15153.16895         0.93817 
    15163.16895         0.93715 
    15173.16895         0.93535 
    15183.16895         0.93347 
    15193.16895         0.93151 
    15203.16895         0.92951 
    15213.16895         0.92712 
    15223.16895         0.92469 
    15233.16895         0.92166 
    15243.16895         0.91856 
    15253.16895         0.91496 
    15263.16895         0.91130 
    15273.16895         0.90763 
    15283.16895         0.90397 
    15293.16895         0.90066 
    15303.16895         0.89738 
    15313.16895         0.89457 
    15323.16895         0.89182 
    15333.16895         0.89018 
    15343.16895         0.88867 
    15353.16895         0.88805 
    15363.16895         0.88753 
    15373.16895         0.88795 
    15383.16895         0.88848 
    15393.16895         0.89016 
    15403.16895         0.89198 
    15413.16895         0.89455 
    15423.16895         0.89721 
    15433.16895         0.90008 
    15443.16895         0.90298 
    15453.16895         0.90617 
    15463.16895         0.90939 
    15473.16895         0.91274 
    15483.16895         0.91610 
    15493.16895         0.91832 
    15503.16895         0.92043 
    15513.16895         0.92183 
    15523.16895         0.92313 
    15533.16895         0.92402 
    15543.16895         0.92485 
    15553.16895         0.92551 
    15563.16895         0.92616 
    15573.16895         0.92604 
    15583.16895         0.92583 
    15593.16895         0.92592 
    15603.16895         0.92602 
    15613.16895         0.92584 
    15623.16895         0.92563 
    15633.16895         0.92588 
    15643.16895         0.92619 
    15653.16895         0.92663 
    15663.16895         0.92708 
    15673.16895         0.92804 
    15683.16895         0.92905 
    15693.16895         0.92948 
    15703.16895         0.92984 
    15713.16895         0.93040 
    15723.16895         0.93100 
    15733.16895         0.93142 
    15743.16895         0.93182 
    15753.16895         0.93172 
    15763.16895         0.93156 
    15773.16895         0.93114 
    15783.16895         0.93069 
    15793.16895         0.92987 
    15803.16895         0.92901 
    15813.16895         0.92859 
    15823.16895         0.92822 
    15833.16895         0.92757 
    15843.16895         0.92687 
    15853.16895         0.92626 
    15863.16895         0.92566 
    15873.16895         0.92519 
    15883.16895         0.92473 
    15893.16895         0.92448 
    15903.16895         0.92426 
    15913.16895         0.92408 
    15923.16895         0.92390 
    15933.16895         0.92394 
    15943.16895         0.92400 
    15953.16895         0.92319 
    15963.16895         0.92226 
    15973.16895         0.92133 
    15983.16895         0.92040 
    15993.16895         0.91889 
    16003.16895         0.91718 
    16013.16895         0.91481 
    16023.16895         0.91238 
    16033.16895         0.90971 
    16043.16895         0.90700 
    16053.16895         0.90434 
    16063.16895         0.90169 
    16073.16895         0.89982 
    16083.16895         0.89806 
    16093.16895         0.89664 
    16103.16895         0.89526 
    16113.16895         0.89433 
    16123.16895         0.89347 
    16133.16895         0.89351 
    16143.16895         0.89367 
    16153.16895         0.89409 
    16163.16895         0.89453 
    16173.16895         0.89563 
    16183.16895         0.89683 
    16193.16895         0.89785 
    16203.16895         0.89880 
    16213.16895         0.89948 
    16223.16895         0.90012 
    16233.16895         0.89975 
    16243.16895         0.89923 
    16253.16895         0.89770 
    16263.16895         0.89602 
    16273.16895         0.89321 
    16283.16895         0.89023 
    16293.16895         0.88678 
    16303.16895         0.88325 
    16313.16895         0.87840 
    16323.16895         0.87336 
    16333.16895         0.86857 
    16343.16895         0.86381 
    16353.16895         0.85915 
    16363.16895         0.85450 
    16373.16895         0.85098 
    16383.16895         0.84763 
    16393.16797         0.84657 
    16403.16797         0.84601 
    16413.16797         0.84684 
    16423.16797         0.84782 
    16433.16797         0.85051 
    16443.16797         0.85347 
    16453.16797         0.85799 
    16463.16797         0.86274 
    16473.16797         0.86793 
    16483.16797         0.87318 
    16493.16797         0.87796 
    16503.16797         0.88277 
    16513.16797         0.88608 
    16523.16797         0.88912 
    16533.16797         0.88989 
    16543.16797         0.89031 
    16553.16797         0.88930 
    16563.16797         0.88806 
    16573.16797         0.88510 
    16583.16797         0.88187 
    16593.16797         0.87824 
    16603.16797         0.87385 
    16613.16797         0.86863 
    16623.16797         0.86354 
    16633.16797         0.85988 
    16643.16797         0.85646 
    16653.16797         0.85525 
    16663.16797         0.85439 
    16673.16797         0.85349 
    16683.16797         0.85257 
    16693.16797         0.85197 
    16703.16797         0.85141 
    16713.16797         0.84938 
    16723.16797         0.84711 
    16733.16797         0.84168 
    16743.16797         0.83576 
    16753.16797         0.82722 
    16763.16797         0.81827 
    16773.16797         0.80871 
    16783.16797         0.79908 
    16793.16797         0.79158 
    16803.16797         0.78445 
    16813.16797         0.77609 
    16823.16797         0.76755 
    16833.16797         0.74534 
    16843.16797         0.72092 
    16853.16797         0.66295 
    16863.16797         0.59961 
    16873.16797         0.50500 
    16883.16797         0.40559 
    16893.16797         0.31542 
    16903.16797         0.22710 
    16913.16797         0.16889 
    16923.16797         0.11600 
    16933.16797         0.08534 
    16943.16797         0.05857 
    16953.16797         0.04353 
    16963.16797         0.03054 
    16973.16797         0.02320 
    16983.16797         0.01684 
    16993.16797         0.01300 
    17003.16797         0.00960 
    17013.16797         0.00760 
    17023.16797         0.00586 
    17033.16797         0.00467 
    17043.16797         0.00357 
    17053.16797         0.00298 
    17063.16797         0.00247 
    17073.16797         0.00200 
    17083.16797         0.00155 
    17093.16797         0.00000
