# F625W
# photon
# calib 0
# F625 ACS/WFC http://www.stsci.edu/hst/acs/analysis/throughputs
     5395.00000         0.00000
     5405.00000         0.00074 
     5415.00000         0.00102 
     5425.00000         0.00177 
     5435.00000         0.00301 
     5445.00000         0.00527 
     5455.00000         0.00943 
     5465.00000         0.01589 
     5475.00000         0.02554 
     5485.00000         0.03733 
     5495.00000         0.04763 
     5505.00000         0.05961 
     5515.00000         0.07993 
     5525.00000         0.10376 
     5535.00000         0.12544 
     5545.00000         0.14446 
     5555.00000         0.16290 
     5565.00000         0.18183 
     5575.00000         0.19973 
     5585.00000         0.21455 
     5595.00000         0.22292 
     5605.00000         0.23181 
     5615.00000         0.24517 
     5625.00000         0.26203 
     5635.00000         0.27771 
     5645.00000         0.28886 
     5655.00000         0.29579 
     5665.00000         0.30161 
     5675.00000         0.31201 
     5685.00000         0.31787 
     5695.00000         0.31561 
     5705.00000         0.30977 
     5715.00000         0.30933 
     5725.00000         0.31908 
     5735.00000         0.33298 
     5745.00000         0.34471 
     5755.00000         0.34804 
     5765.00000         0.34602 
     5775.00000         0.34595 
     5785.00000         0.34962 
     5795.00000         0.35953 
     5805.00000         0.36662 
     5815.00000         0.36610 
     5825.00000         0.36540 
     5835.00000         0.36855 
     5845.00000         0.37662 
     5855.00000         0.38196 
     5865.00000         0.38086 
     5875.00000         0.37655 
     5885.00000         0.37696 
     5895.00000         0.38272 
     5905.00000         0.38584 
     5915.00000         0.38343 
     5925.00000         0.37939 
     5935.00000         0.37552 
     5945.00000         0.37562 
     5955.00000         0.38360 
     5965.00000         0.39298 
     5975.00000         0.39563 
     5985.00000         0.39150 
     5995.00000         0.38366 
     6005.00000         0.38078 
     6015.00000         0.38636 
     6025.00000         0.39691 
     6035.00000         0.40642 
     6045.00000         0.40968 
     6055.00000         0.41063 
     6065.00000         0.40820 
     6075.00000         0.40546 
     6085.00000         0.40650 
     6095.00000         0.40502 
     6105.00000         0.39538 
     6115.00000         0.38823 
     6125.00000         0.39273 
     6135.00000         0.40402 
     6145.00000         0.41777 
     6155.00000         0.42668 
     6165.00000         0.42684 
     6175.00000         0.41951 
     6185.00000         0.41472 
     6195.00000         0.41567 
     6205.00000         0.42003 
     6215.00000         0.42679 
     6225.00000         0.43162 
     6235.00000         0.43285 
     6245.00000         0.43036 
     6255.00000         0.43250 
     6265.00000         0.43707 
     6275.00000         0.43775 
     6285.00000         0.43588 
     6295.00000         0.42626 
     6305.00000         0.41085 
     6315.00000         0.40062 
     6325.00000         0.40145 
     6335.00000         0.41643 
     6345.00000         0.43093 
     6355.00000         0.44052 
     6365.00000         0.44684 
     6375.00000         0.44329 
     6385.00000         0.44232 
     6395.00000         0.44695 
     6405.00000         0.44802 
     6415.00000         0.44731 
     6425.00000         0.44272 
     6435.00000         0.43543 
     6445.00000         0.43319 
     6455.00000         0.43397 
     6465.00000         0.43946 
     6475.00000         0.44792 
     6485.00000         0.44784 
     6495.00000         0.43802 
     6505.00000         0.42302 
     6515.00000         0.41142 
     6525.00000         0.40940 
     6535.00000         0.41252 
     6545.00000         0.42449 
     6555.00000         0.43716 
     6565.00000         0.44053 
     6575.00000         0.43897 
     6585.00000         0.44026 
     6595.00000         0.44189 
     6605.00000         0.44556 
     6615.00000         0.45090 
     6625.00000         0.44991 
     6635.00000         0.44976 
     6645.00000         0.44493 
     6655.00000         0.43970 
     6665.00000         0.44134 
     6675.00000         0.44564 
     6685.00000         0.44991 
     6695.00000         0.44717 
     6705.00000         0.44193 
     6715.00000         0.43589 
     6725.00000         0.43272 
     6735.00000         0.43513 
     6745.00000         0.43846 
     6755.00000         0.44435 
     6765.00000         0.44626 
     6775.00000         0.44260 
     6785.00000         0.43974 
     6795.00000         0.43773 
     6805.00000         0.43956 
     6815.00000         0.43857 
     6825.00000         0.43349 
     6835.00000         0.43003 
     6845.00000         0.42485 
     6855.00000         0.42360 
     6865.00000         0.42438 
     6875.00000         0.42464 
     6885.00000         0.42431 
     6895.00000         0.42019 
     6905.00000         0.41552 
     6915.00000         0.41393 
     6925.00000         0.41675 
     6935.00000         0.41938 
     6945.00000         0.41724 
     6955.00000         0.41055 
     6965.00000         0.39987 
     6975.00000         0.38744 
     6985.00000         0.37218 
     6995.00000         0.34907 
     7005.00000         0.30667 
     7015.00000         0.24115 
     7025.00000         0.17391 
     7035.00000         0.12299 
     7045.00000         0.08854 
     7055.00000         0.06271 
     7065.00000         0.03946 
     7075.00000         0.02167 
     7085.00000         0.01123 
     7095.00000         0.00587 
     7105.00000         0.00332 
     7115.00000         0.00211 
     7125.00000         0.00150 
     7135.00000         0.00111 
     7145.00000         0.00083 
     7155.00000         0.00067 
     7165.00000         0.00000
