# LSST_y
# photon
# LSST y version 1.7 https://github.com/lsst/throughputs
  9083.000000001382                     0.0 
  9084.000000001382   5.171112711998993e-13 
  9085.000000001384  0.00037391635457841753 
  9086.000000001384   0.0007478232813113428 
  9087.000000001384    0.001516398487291542 
  9088.000000001384   0.0022849506536286347 
  9089.000000001384   0.0030534791189581736 
  9090.000000001384   0.0038219842779124527 
  9091.000000001384   0.0045742278985998865 
  9092.000000001386    0.005327931747491045 
  9093.000000001386    0.006103929626970162 
  9094.000000001386    0.006881431471359526 
  9095.000000001386   0.0076604396494795585 
  9096.000000001386     0.00843718946068674 
  9097.000000001386    0.009193869109209104 
  9098.000000001386     0.00995135551425956 
  9099.000000001386    0.010730569757702082 
  9100.000000001386    0.011510620453518026 
  9101.000000001388    0.012261630716589096 
  9102.000000001388    0.013009739243559283 
  9103.000000001388    0.013734143169465637 
  9104.000000001388    0.014455736772215518 
  9105.000000001388    0.015195255199651495 
  9106.000000001388    0.016003449190189246 
  9107.000000001388    0.016815593171384955 
   9108.00000000139    0.017631682865975704 
   9109.00000000139    0.018430768763375266 
   9110.00000000139     0.01923368132553282 
   9111.00000000139     0.02002864314355772 
   9112.00000000139    0.020824989503435188 
   9113.00000000139     0.02162271087697573 
   9114.00000000139    0.022421795932826786 
   9115.00000000139     0.02320113946439802 
   9116.00000000139     0.02389239438491377 
  9117.000000001392     0.02460035745345372 
  9118.000000001392    0.025303941408654194 
  9119.000000001392    0.025982298368800182 
  9120.000000001392     0.02665640506613999 
  9121.000000001392    0.027495266746820797 
  9122.000000001392    0.028337968064147213 
  9123.000000001392     0.02918450398864234 
  9124.000000001393    0.030034869487298527 
  9125.000000001393    0.030868003586018617 
  9126.000000001393      0.0314416839305689 
  9127.000000001393    0.032027460137662625 
  9128.000000001393      0.0326042851089112 
  9129.000000001393     0.03317216768918108 
  9130.000000001393     0.03373111672974586 
  9131.000000001393     0.03423689453688976 
  9132.000000001393     0.03473300444571065 
  9133.000000001395     0.03523949049934039 
  9134.000000001395     0.03573605662952992 
  9135.000000001395    0.036598180651450325 
  9136.000000001395     0.03790109251797655 
  9137.000000001395     0.03959477510685762 
  9138.000000001395     0.04130372464687308 
  9139.000000001395     0.04300773022800915 
  9140.000000001397      0.0447267191202768 
  9141.000000001397    0.046592946099155326 
  9142.000000001397      0.0484814993074062 
  9143.000000001397    0.050392321553524716 
  9144.000000001397     0.05232535491759672 
  9145.000000001397     0.05425951025319489 
  9146.000000001397     0.05566906526200969 
  9147.000000001397    0.057091303692657386 
  9148.000000001397     0.05850519128129241 
  9149.000000001399    0.059910726525812454 
  9150.000000001399     0.06130791007955114 
  9151.000000001399     0.06215757869135375 
  9152.000000001399       0.062972725110666 
  9153.000000001399     0.06373334517416797 
  9154.000000001399     0.06446001254908845 
  9155.000000001399      0.0651723719992008 
    9156.0000000014     0.06682633449610234 
    9157.0000000014     0.06848812195257155 
    9158.0000000014     0.07015773359402645 
    9159.0000000014     0.07183517277531837 
    9160.0000000014     0.07352044726372191 
    9161.0000000014     0.07581180759784546 
    9162.0000000014     0.07813455428369039 
    9163.0000000014     0.08050918872386278 
    9164.0000000014     0.08291562943774156 
  9165.000000001402     0.08535387966075483 
  9166.000000001402     0.08694010521736203 
  9167.000000001402     0.08852689407436076 
  9168.000000001402     0.09011422847757053 
  9169.000000001402     0.09168112890404197 
  9170.000000001402     0.09324852815116934 
  9171.000000001402     0.09410380577390286 
  9172.000000001404     0.09493588415928117 
  9173.000000001404     0.09574477292951589 
  9174.000000001404     0.09653048111115704 
  9175.000000001404     0.09729301718333853 
  9176.000000001404      0.0984742343460004 
  9177.000000001404     0.09962541445223619 
  9178.000000001404     0.10076674863843908 
  9179.000000001404     0.10191815784714287 
  9180.000000001404     0.10305962435375936 
  9181.000000001406     0.10513543546921357 
  9182.000000001406     0.10722728505353403 
  9183.000000001406      0.1093149850266578 
  9184.000000001406     0.11141846333990596 
  9185.000000001406     0.11355809386894121 
  9186.000000001406     0.11573921916566217 
  9187.000000001406     0.11793707529069353 
  9188.000000001408     0.12015158736073635 
  9189.000000001408     0.12238268158416832 
  9190.000000001408     0.12463028564213809 
  9191.000000001408     0.12633691150635953 
  9192.000000001408     0.12804704061331887 
  9193.000000001408     0.12978167414729191 
  9194.000000001408     0.13151977905897144 
  9195.000000001408     0.13326131945148748 
  9196.000000001408     0.13477777107704175 
   9197.00000000141     0.13629234970044352 
   9198.00000000141     0.13780503445796316 
   9199.00000000141     0.13929475268612107 
   9200.00000000141      0.1407825637404514 
   9201.00000000141      0.1427101205963256 
   9202.00000000141      0.1446446155865267 
   9203.00000000141     0.14658602388739092 
  9204.000000001412      0.1485343238240593 
  9205.000000001412     0.15048949707092646 
  9206.000000001412     0.15197557732824588 
  9207.000000001412     0.15343787216679944 
  9208.000000001412      0.1548977025843229 
  9209.000000001412     0.15637633433314702 
  9210.000000001412     0.15785253316851164 
  9211.000000001412      0.1589511811345141 
  9212.000000001412     0.16004044575619839 
  9213.000000001413     0.16112039982817608 
  9214.000000001413      0.1621911243279328 
  9215.000000001413     0.16323181358884672 
  9216.000000001413     0.16464697724075003 
  9217.000000001413     0.16608056242266134 
  9218.000000001413     0.16751165766629342 
  9219.000000001413     0.16894024593164966 
  9220.000000001415     0.17036630959991994 
  9221.000000001415     0.17220701505931346 
  9222.000000001415     0.17405252258321677 
  9223.000000001415      0.1759237189515296 
  9224.000000001415     0.17779972075498618 
  9225.000000001415     0.17968049209852885 
  9226.000000001415     0.18111075352584802 
  9227.000000001415     0.18253844553886314 
  9228.000000001415     0.18396357890991424 
  9229.000000001417     0.18536524037680324 
  9230.000000001417      0.1867644050880947 
  9231.000000001417      0.1880680433632303 
  9232.000000001417      0.1893674195167999 
  9233.000000001417     0.19066255958425052 
  9234.000000001417     0.19195349216741137 
  9235.000000001417      0.1932402484959439 
  9236.000000001419     0.19444185378538512 
  9237.000000001419     0.19561797355767654 
  9238.000000001419      0.1967890635316486 
  9239.000000001419      0.1979754446135963 
  9240.000000001419     0.19915615602087983 
  9241.000000001419      0.2003719660077062 
  9242.000000001419     0.20158219788282455 
  9243.000000001419     0.20278663230382488 
  9244.000000001419     0.20398506997329652 
   9245.00000000142     0.20515692692415072 
   9246.00000000142     0.20649857315517012 
   9247.00000000142     0.20785660470813272 
   9248.00000000142     0.20921046791755168 
   9249.00000000142     0.21056003956457145 
   9250.00000000142     0.21190522229451558 
   9251.00000000142     0.21353239029039628 
  9252.000000001422      0.2151589805078311 
  9253.000000001422      0.2168053171604901 
  9254.000000001422     0.21845106540009915 
  9255.000000001422      0.2200962535569171 
  9256.000000001422     0.22164710295583284 
  9257.000000001422     0.22319639325260862 
  9258.000000001422     0.22474425600483972 
  9259.000000001422     0.22627047278485218 
  9260.000000001422     0.22779562740411122 
  9261.000000001424      0.2292561563622042 
  9262.000000001424     0.23071515645246093 
  9263.000000001424     0.23217294601304864 
  9264.000000001424     0.23362988274072297 
  9265.000000001424     0.23508636465449184 
  9266.000000001424      0.2366920657887761 
  9267.000000001424     0.23827787627965066 
  9268.000000001426      0.2398641900973216 
  9269.000000001426     0.24147142944974861 
  9270.000000001426      0.2430792661304796 
  9271.000000001426     0.24313353837903892 
  9272.000000001426     0.24317151993358704 
  9273.000000001426     0.24319329883456503 
  9274.000000001426     0.24319896310199596 
  9275.000000001426     0.24316882444635188 
  9276.000000001426     0.24259742006477364 
  9277.000000001428        0.24202433445458 
  9278.000000001428      0.2414298183424825 
  9279.000000001428     0.24081389881203313 
  9280.000000001428     0.24017660307662017 
  9281.000000001428      0.2410716977773267 
  9282.000000001428      0.2419612945316964 
  9283.000000001428     0.24282654749177915 
   9284.00000000143     0.24368635779823397 
   9285.00000000143      0.2445594614667222 
   9286.00000000143     0.24515209199262117 
   9287.00000000143     0.24573745119506782 
   9288.00000000143      0.2463150294380947 
   9289.00000000143     0.24686584672620243 
   9290.00000000143     0.24740808533573144 
   9291.00000000143     0.24748142109440577 
   9292.00000000143     0.24754047752624514 
  9293.000000001432     0.24758493281991506 
  9294.000000001432     0.24761450327795337 
  9295.000000001432     0.24762894353430584 
  9296.000000001432     0.24658438593081425 
  9297.000000001432     0.24549729612749197 
  9298.000000001432      0.2443855327496226 
  9299.000000001432      0.2432663144037661 
  9300.000000001433     0.24212203100465304 
  9301.000000001433     0.24118074600085002 
  9302.000000001433      0.2402167164689495 
  9303.000000001433     0.23923007140290115 
  9304.000000001433      0.2382209843982108 
  9305.000000001433     0.23717335865283906 
  9306.000000001433     0.23616458338782845 
  9307.000000001433     0.23515077235680587 
  9308.000000001433     0.23411594549633472 
  9309.000000001435     0.23306047169781768 
  9310.000000001435     0.23198475369692018 
  9311.000000001435      0.2306223493827517 
  9312.000000001435     0.22923883126742756 
  9313.000000001435     0.22781965796510928 
  9314.000000001435      0.2263807536398611 
  9315.000000001435     0.22493739569928647 
  9316.000000001437       0.221393639949359 
  9317.000000001437     0.21781363462765005 
  9318.000000001437     0.21419754866714766 
  9319.000000001437       0.210545550680858 
  9320.000000001437     0.20685780872015108 
  9321.000000001437      0.2059605895730636 
  9322.000000001437     0.20504920334702542 
  9323.000000001437     0.20413659155765193 
  9324.000000001437     0.20320975490964793 
  9325.000000001439     0.20226878540550858 
  9326.000000001439     0.20340942999389489 
  9327.000000001439     0.20453866067672935 
  9328.000000001439     0.20566907239065763 
  9329.000000001439       0.206813305729649 
  9330.000000001439     0.20795869495942992 
  9331.000000001439     0.20742984354050534 
   9332.00000000144     0.20689023603668918 
   9333.00000000144     0.20633988281369797 
   9334.00000000144     0.20577879234224303 
   9335.00000000144     0.20519474269661678 
   9336.00000000144      0.2010718025958947 
   9337.00000000144     0.19692589088394408 
   9338.00000000144     0.19274517604253127 
   9339.00000000144     0.18853001714696296 
   9340.00000000144     0.18428073685288776 
  9341.000000001442      0.1830926486494108 
  9342.000000001442       0.181891730232763 
  9343.000000001442     0.18066776580371605 
  9344.000000001442     0.17943154143509196 
  9345.000000001442     0.17819336278671857 
  9346.000000001442      0.1845141276583031 
  9347.000000001442     0.19087114316511256 
  9348.000000001444     0.19726446286333024 
  9349.000000001444     0.20369413269954634 
  9350.000000001444     0.21016018783014875 
  9351.000000001444     0.21262080338750403 
  9352.000000001444     0.21509285040115983 
  9353.000000001444     0.21726420507371721 
  9354.000000001444     0.21944238374215078 
  9355.000000001444     0.22150553642974494 
  9356.000000001444       0.219979221769712 
  9357.000000001446      0.2184489901535425 
  9358.000000001446      0.2169147121044645 
  9359.000000001446     0.21537623925098145 
  9360.000000001446      0.2138334051461573 
  9361.000000001446     0.21488303158662708 
  9362.000000001446     0.21593418309208287 
  9363.000000001446     0.21698662281166164 
  9364.000000001448       0.218040086836278 
  9365.000000001448      0.2190942836229164 
  9366.000000001448     0.21818457711671108 
  9367.000000001448     0.21727154072454366 
  9368.000000001448     0.21635517078524483 
  9369.000000001448     0.21543546163090552 
  9370.000000001448      0.2145124056479703 
  9371.000000001448     0.21699186659582237 
  9372.000000001448     0.21947499411266416 
   9373.00000000145      0.2219617376261166 
   9374.00000000145     0.22445204307114167 
   9375.00000000145     0.22694585275153453 
   9376.00000000145      0.2280462080736067 
   9377.00000000145      0.2290389102593387 
   9378.00000000145     0.23003180211866153 
   9379.00000000145      0.2306735651726461 
  9380.000000001452      0.2313136114423836 
  9381.000000001452     0.23212416526257137 
  9382.000000001452       0.232932918984336 
  9383.000000001452     0.23373989461540035 
  9384.000000001452       0.234545112039097 
  9385.000000001452     0.23534858898651936 
  9386.000000001452      0.2414777481018533 
  9387.000000001452     0.24759297790443363 
  9388.000000001452     0.25369524604106153 
  9389.000000001453      0.2597855413879029 
  9390.000000001453      0.2658648634850075 
  9391.000000001453     0.27220878222126155 
  9392.000000001453      0.2785424134940191 
  9393.000000001453     0.28486673935447593 
  9394.000000001453      0.2911827134966025 
  9395.000000001453      0.2974912505472494 
  9396.000000001455     0.29627263131970366 
  9397.000000001455     0.29506210752312334 
  9398.000000001455      0.2938598713269081 
  9399.000000001455      0.2926660173590731 
  9400.000000001455      0.2914805446293114 
  9401.000000001455      0.2877189964660877 
  9402.000000001455       0.283969525284506 
  9403.000000001455      0.2802316852089125 
  9404.000000001455     0.27650495306250394 
  9405.000000001457     0.27278873424569017 
  9406.000000001457      0.2723820040355837 
  9407.000000001457     0.27197989122508875 
  9408.000000001457      0.2715818771249289 
  9409.000000001457      0.2711873565174633 
  9410.000000001457      0.2707956382720667 
  9411.000000001457      0.2726375596506796 
  9412.000000001459     0.27447799330790595 
  9413.000000001459     0.27631599216756547 
  9414.000000001459      0.2781504916608405 
  9415.000000001459     0.27998030680627395 
  9416.000000001459     0.27938031450777306 
  9417.000000001459     0.27878097073697083 
  9418.000000001459     0.27818231318317593 
  9419.000000001459     0.27758437633470434 
  9420.000000001459     0.27698719149604756 
   9421.00000000146      0.2715287994800442 
   9422.00000000146     0.26607830256327636 
   9423.00000000146     0.26063570473127295 
   9424.00000000146      0.2552010054953313 
   9425.00000000146     0.24977420018510374 
   9426.00000000146     0.24570071808713168 
   9427.00000000146      0.2416331035735042 
  9428.000000001462     0.23757127742762885 
  9429.000000001462     0.23351516252243765 
  9430.000000001462      0.2294646840346916 
  9431.000000001462     0.23232157801593778 
  9432.000000001462     0.23517373768800123 
  9433.000000001462      0.2380210835327938 
  9434.000000001462     0.24086352986785448 
  9435.000000001462     0.24370098469990228 
  9436.000000001462     0.24097961210075086 
  9437.000000001464      0.2382608718582823 
  9438.000000001464     0.23554539220644125 
  9439.000000001464     0.23283373354971357 
  9440.000000001464     0.23012639093653503 
  9441.000000001464     0.22772978037998642 
  9442.000000001464      0.2253372982918634 
  9443.000000001464     0.22294926557127706 
  9444.000000001466     0.22056594929001855 
  9445.000000001466      0.2181875648715323 
  9446.000000001466      0.2237688229827158 
  9447.000000001466     0.22934535445594534 
  9448.000000001466     0.23491745395103827 
  9449.000000001466     0.24048538817310208 
  9450.000000001466      0.2460493915454568 
  9451.000000001466      0.2468857097609728 
  9452.000000001466      0.2477239091113014 
  9453.000000001468       0.248563935633049 
  9454.000000001468      0.2494056956450424 
  9455.000000001468     0.25024905509275575 
  9456.000000001468      0.2468614274760634 
  9457.000000001468     0.24347901372957784 
  9458.000000001468     0.24010145985614534 
  9459.000000001468      0.2367283860535228 
   9460.00000000147      0.2333593896401567 
   9461.00000000147     0.23447046414049558 
   9462.00000000147     0.23558021046778826 
   9463.00000000147     0.23668815282093913 
   9464.00000000147     0.23779376496649024 
   9465.00000000147     0.23889646933517286 
   9466.00000000147     0.24199685076859384 
   9467.00000000147     0.24509318949870598 
   9468.00000000147     0.24818548682873082 
  9469.000000001472     0.25127374961746857 
  9470.000000001472     0.25435799058606334 
  9471.000000001472      0.2537797603377243 
  9472.000000001472      0.2532020046064937 
  9473.000000001472      0.2526247574286189 
  9474.000000001472      0.2520480577093417 
  9475.000000001472      0.2514719491496699 
  9476.000000001473     0.24698780177922897 
  9477.000000001473     0.24250904244673482 
  9478.000000001473     0.23803572697725192 
  9479.000000001473     0.23356790322570428 
  9480.000000001473     0.22910561156845757 
  9481.000000001473     0.23081081891737698 
  9482.000000001473     0.23251365251954076 
  9483.000000001473      0.2342141265033148 
  9484.000000001473     0.23591225062755708 
  9485.000000001475     0.23760803011951467 
  9486.000000001475     0.24373085776914577 
  9487.000000001475     0.24984630921764447 
  9488.000000001475      0.2559543013040694 
  9489.000000001475     0.26205474871421575 
  9490.000000001475      0.2681475649253344 
  9491.000000001475       0.264677125520072 
  9492.000000001477      0.2612100616996608 
  9493.000000001477     0.25774631109812995 
  9494.000000001477      0.2542858228564308 
  9495.000000001477      0.2508285570698605 
  9496.000000001477     0.24595172603751297 
  9497.000000001477     0.24107951634277952 
  9498.000000001477     0.23621185660845262 
  9499.000000001477     0.23134869067262656 
  9500.000000001477     0.22648997683831162 
  9501.000000001479      0.2297960088371359 
  9502.000000001479     0.23309695006906217 
  9503.000000001479     0.23639270327613301 
  9504.000000001479      0.2396831752491873 
  9505.000000001479      0.2429682773555982 
  9506.000000001479     0.24894200105731648 
  9507.000000001479      0.2549069401966719 
   9508.00000000148      0.2608631256507494 
   9509.00000000148      0.2668106081928414 
   9510.00000000148        0.27274945965492 
   9511.00000000148     0.27167679967974795 
   9512.00000000148      0.2706050658246949 
   9513.00000000148      0.2695344170000217 
   9514.00000000148     0.26846502063821914 
   9515.00000000148     0.26739705246251994 
   9516.00000000148     0.26064569444440355 
  9517.000000001482      0.2539039724474861 
  9518.000000001482      0.2471718786913196 
  9519.000000001482      0.2404494088510325 
  9520.000000001482     0.23373656172088414 
  9521.000000001482     0.23190694438870646 
  9522.000000001482     0.23007962052825465 
  9523.000000001482      0.2282545943409154 
  9524.000000001484     0.22643187223996414 
  9525.000000001484     0.22461146277101832 
  9526.000000001484     0.22803938502433757 
  9527.000000001484     0.23146206291581303 
  9528.000000001484      0.2348794959595909 
  9529.000000001484     0.23829168172660498 
  9530.000000001484     0.24169861566800135 
  9531.000000001484     0.24377171350925522 
  9532.000000001484     0.24584133150573872 
  9533.000000001486      0.2479074608280282 
  9534.000000001486     0.24997008996792253 
  9535.000000001486      0.2520292046295447 
  9536.000000001486      0.2524372292351805 
  9537.000000001486       0.252844692042883 
  9538.000000001486     0.25325140980767996 
  9539.000000001486     0.25365721374336864 
  9540.000000001488     0.25406194964248735 
  9541.000000001488     0.25312344115518015 
  9542.000000001488     0.25218535931897135 
  9543.000000001488      0.2512476038344163 
  9544.000000001488     0.25031009139102034 
  9545.000000001488      0.2493727553716627 
  9546.000000001488     0.24961472512597543 
  9547.000000001488     0.24985533871216029 
  9548.000000001488      0.2500944536704509 
   9549.00000000149      0.2503319450171283 
   9550.00000000149      0.2505677053271559 
   9551.00000000149     0.24945645835820188 
   9552.00000000149      0.2483453258280835 
   9553.00000000149     0.24723427607750337 
   9554.00000000149     0.24612329596517846 
   9555.00000000149     0.24501239046090412 
  9556.000000001492     0.24383645744408508 
  9557.000000001492     0.24266084398233614 
  9558.000000001492     0.24148568114795163 
  9559.000000001492     0.24031111498421567 
  9560.000000001492     0.23913730608675215 
  9561.000000001492      0.2392499231666052 
  9562.000000001492     0.23936145980124066 
  9563.000000001492     0.23947211255141404 
  9564.000000001492     0.23958209547812823 
  9565.000000001493      0.2396916401712936 
  9566.000000001493     0.24012320933715592 
  9567.000000001493     0.24055339150118749 
  9568.000000001493      0.2409822591922662 
  9569.000000001493     0.24140988545637795 
  9570.000000001493     0.24183634386361377 
  9571.000000001493     0.24561783850085914 
  9572.000000001495     0.24939291329478347 
  9573.000000001495      0.2531616497188595 
  9574.000000001495     0.25692413381434187 
  9575.000000001495     0.26068045616098906 
  9576.000000001495     0.26085138597520746 
  9577.000000001495      0.2610219510488385 
  9578.000000001495      0.2611921073150678 
  9579.000000001495      0.2613618079211575 
  9580.000000001495     0.26153100321457773 
  9581.000000001497      0.2594728181731381 
  9582.000000001497     0.25741763847003585 
  9583.000000001497      0.2553654072831258 
  9584.000000001497       0.253316067025352 
  9585.000000001497     0.25126955944561485 
  9586.000000001497     0.24941633672159452 
  9587.000000001497     0.24756585334759545 
  9588.000000001499     0.24571798098044653 
  9589.000000001499     0.24387260261155316 
  9590.000000001499     0.24202961226642164 
  9591.000000001499      0.2406208369826249 
  9592.000000001499     0.23921366786680376 
  9593.000000001499     0.23780802671581178 
  9594.000000001499     0.23640384461500416 
  9595.000000001499     0.23500106172506818 
  9596.000000001499     0.23680564986539673 
    9597.0000000015     0.23860600437987997 
    9598.0000000015      0.2404020997832923 
    9599.0000000015     0.24219392026015546 
    9600.0000000015     0.24398146003015436 
    9601.0000000015      0.2456981605398223 
    9602.0000000015     0.24741064686490435 
    9603.0000000015      0.2491189459075742 
  9604.000000001502      0.2508230959854897 
  9605.000000001502      0.2525231471708389 
  9606.000000001502     0.25359622815880023 
  9607.000000001502      0.2546663636327357 
  9608.000000001502     0.25573359793766715 
  9609.000000001502      0.2567979841573081 
  9610.000000001502     0.25785958427054495 
  9611.000000001502      0.2589226090520987 
  9612.000000001502     0.25998302097083087 
  9613.000000001504     0.26104090931106555 
  9614.000000001504      0.2620963728700169 
  9615.000000001504      0.2631495201000615 
  9616.000000001504      0.2616085617750289 
  9617.000000001504     0.26006997988005964 
  9618.000000001504      0.2585337391781579 
  9619.000000001504     0.25699980790700716 
  9620.000000001506      0.2554681576920998 
  9621.000000001506     0.25284077737911914 
  9622.000000001506      0.2502175590246229 
  9623.000000001506     0.24759848672694185 
  9624.000000001506     0.24498354798396382 
  9625.000000001506     0.24237273356747402 
  9626.000000001506     0.24416857782781343 
  9627.000000001506     0.24596032547560281 
  9628.000000001506      0.2477480270328815 
  9629.000000001508     0.24953173220325492 
  9630.000000001508     0.25131148977392537 
  9631.000000001508     0.25308826299141235 
  9632.000000001508      0.2548611964925025 
  9633.000000001508      0.2566303356882235 
  9634.000000001508      0.2583957246780416 
  9635.000000001508      0.2601574061460481 
   9636.00000000151      0.2592501527945088 
   9637.00000000151     0.25834456187807503 
   9638.00000000151      0.2574404865425371 
   9639.00000000151     0.25653779243850433 
   9640.00000000151       0.255636357528657 
   9641.00000000151     0.25544290869411684 
   9642.00000000151     0.25524917887393556 
   9643.00000000151     0.25505507959233775 
   9644.00000000151      0.2548605330604739 
  9645.000000001512      0.2546654721405407 
  9646.000000001512      0.2553698750961236 
  9647.000000001512      0.2560717025462687 
  9648.000000001512      0.2567708690546253 
  9649.000000001512     0.25746729624152853 
  9650.000000001512      0.2581609128986582 
  9651.000000001512      0.2593766182779677 
  9652.000000001513     0.26058818531956957 
  9653.000000001513      0.2617955595517205 
  9654.000000001513      0.2629986938741965 
  9655.000000001513      0.2641975487389534 
  9656.000000001513     0.26283888571990943 
  9657.000000001513       0.261481676290898 
  9658.000000001513      0.2601260922342837 
  9659.000000001513      0.2587723099093851 
  9660.000000001513       0.257420510053961 
  9661.000000001515      0.2550957513841668 
  9662.000000001515     0.25277505183203575 
  9663.000000001515     0.25045860386007945 
  9664.000000001515     0.24814660048034962 
  9665.000000001515     0.24583923494417848 
  9666.000000001515     0.24665088429131807 
  9667.000000001515      0.2474607640574764 
  9668.000000001517     0.24826882660909239 
  9669.000000001517      0.2490750236354133 
  9670.000000001517     0.24987930616199044 
  9671.000000001517      0.2536191359883406 
  9672.000000001517     0.25735153514111775 
  9673.000000001517     0.26107645330613655 
  9674.000000001517      0.2647938371007385 
  9675.000000001517     0.26850363008089245 
  9676.000000001517      0.2695872905798599 
  9677.000000001519      0.2706682140492672 
  9678.000000001519     0.27174634226259586 
  9679.000000001519     0.27282161612444983 
  9680.000000001519      0.2738939756686507 
  9681.000000001519     0.27246868251572426 
  9682.000000001519      0.2710456547192648 
  9683.000000001519     0.26962484274428117 
   9684.00000000152     0.26820619819913094 
   9685.00000000152      0.2667896738365159 
   9686.00000000152      0.2672171291230449 
   9687.00000000152      0.2676426179312751 
   9688.00000000152     0.26806610123147245 
   9689.00000000152     0.26848755071114067 
   9690.00000000152      0.2689069488635801 
   9691.00000000152     0.26935176435030206 
   9692.00000000152     0.26979461457132153 
  9693.000000001522     0.27023551433846854 
  9694.000000001522      0.2706744896161883 
  9695.000000001522      0.2711115776039808 
  9696.000000001522     0.27023830454377545 
  9697.000000001522     0.26936588679801576 
  9698.000000001522      0.2684943090824074 
  9699.000000001522      0.2676235618069178 
  9700.000000001524      0.2667536409887766 
  9701.000000001524      0.2662621714248627 
  9702.000000001524      0.2657706136971462 
  9703.000000001524     0.26527897841063647 
  9704.000000001524     0.26478728150448383 
  9705.000000001524      0.2642955442042435 
  9706.000000001524     0.26470475043519526 
  9707.000000001524      0.2651122942271282 
  9708.000000001524      0.2655181358436508 
  9709.000000001526      0.2659222461603057 
  9710.000000001526      0.2663246067442639 
  9711.000000001526     0.26545245812260687 
  9712.000000001526      0.2645813501041635 
  9713.000000001526     0.26371130136014553 
  9714.000000001526      0.2628423410516807 
  9715.000000001526       0.261974508652765 
  9716.000000001528      0.2614417856378442 
  9717.000000001528      0.2609091411765139 
  9718.000000001528     0.26037659509764915 
  9719.000000001528      0.2598441697341193 
  9720.000000001528     0.25931188989878107 
  9721.000000001528     0.25886681907033715 
  9722.000000001528     0.25842174849814076 
  9723.000000001528     0.25797670990859256 
  9724.000000001528      0.2575317374440811 
   9725.00000000153      0.2570868676378225 
   9726.00000000153      0.2560923490391606 
   9727.00000000153     0.25509944737661244 
   9728.00000000153      0.2541082066058853 
   9729.00000000153      0.2531186725911373 
   9730.00000000153      0.2521308930580696 
   9731.00000000153     0.25141500581417353 
  9732.000000001532     0.25070009645854996 
  9733.000000001532     0.24998621924035214 
  9734.000000001532     0.24927343032534713 
  9735.000000001532      0.2485617877631941 
  9736.000000001532      0.2481228964543396 
  9737.000000001532     0.24768432172903826 
  9738.000000001532     0.24724608108319734 
  9739.000000001532     0.24680818686077885 
  9740.000000001532      0.2463706462959286 
  9741.000000001533     0.24559289581606697 
  9742.000000001533     0.24481632631700695 
  9743.000000001533     0.24404092981935127 
  9744.000000001533     0.24326669348619306 
  9745.000000001533     0.24249359970109413 
  9746.000000001533     0.24172172617206417 
  9747.000000001533     0.24095114693704894 
  9748.000000001535     0.24018183585223285 
  9749.000000001535     0.23941376709418835 
  9750.000000001535     0.23864691516090025 
  9751.000000001535     0.23855698339425702 
  9752.000000001535     0.23846657028237758 
  9753.000000001535     0.23837565132537214 
  9754.000000001535     0.23828420206059545 
  9755.000000001535     0.23819219806285755 
  9756.000000001535      0.2376751911840607 
  9757.000000001537     0.23715860558033347 
  9758.000000001537     0.23664245035692402 
  9759.000000001537       0.236126732139531 
  9760.000000001537     0.23561145510165035 
  9761.000000001537     0.23584445752283212 
  9762.000000001537     0.23607602862034546 
  9763.000000001537     0.23630616427810977 
  9764.000000001539     0.23653485795897652 
  9765.000000001539       0.236762100696308 
  9766.000000001539     0.23793069370893377 
  9767.000000001539     0.23909563477537835 
  9768.000000001539     0.24025691576803193 
  9769.000000001539      0.2414145308470164 
  9770.000000001539     0.24256847651630742 
  9771.000000001539     0.24295930149011324 
  9772.000000001539     0.24334848560910538 
   9773.00000000154     0.24373603194968885 
   9774.00000000154     0.24412194609578902 
   9775.00000000154     0.24450623615521347 
   9776.00000000154     0.24369887581983113 
   9777.00000000154      0.2428926022999738 
   9778.00000000154      0.2420873919054453 
   9779.00000000154      0.2412832212750943 
  9780.000000001543     0.24048006737574484 
  9781.000000001543     0.23991342839198165 
  9782.000000001543     0.23934724548425135 
  9783.000000001543     0.23878149556433215 
  9784.000000001543     0.23821615577363242 
  9785.000000001543      0.2376512034828686 
  9786.000000001543      0.2372909031609227 
  9787.000000001543      0.2369304855180124 
  9788.000000001543     0.23656999966794218 
  9789.000000001544     0.23620949442871791 
  9790.000000001544     0.23584901832153077 
  9791.000000001544     0.23533014091189228 
  9792.000000001544     0.23481183045615978 
  9793.000000001544     0.23429413443429048 
  9794.000000001544     0.23377709990337503 
  9795.000000001544     0.23326077350102684 
  9796.000000001546      0.2332999333649295 
  9797.000000001546       0.233338328645415 
  9798.000000001546      0.2333759355466995 
  9799.000000001546     0.23341273025406628 
  9800.000000001546      0.2334486889346312 
  9801.000000001546      0.2334992656770056 
  9802.000000001546     0.23354894968549494 
  9803.000000001546     0.23359771682451302 
  9804.000000001546     0.23364554293834291 
  9805.000000001548     0.23369240385404497 
  9806.000000001548     0.23463401498435335 
  9807.000000001548     0.23557228991784265 
  9808.000000001548      0.2365072028838842 
  9809.000000001548     0.23743872773620897 
  9810.000000001548     0.23836683795299732 
  9811.000000001548     0.23845831141574975 
   9812.00000000155     0.23854853651985677 
   9813.00000000155     0.23863748833887571 
   9814.00000000155     0.23872514191619168 
   9815.00000000155      0.2388114722638936 
   9816.00000000155     0.23825772665718017 
   9817.00000000155     0.23770433230285654 
   9818.00000000155      0.2371513391204186 
   9819.00000000155      0.2365987965746731 
   9820.00000000155      0.2360467536777706 
  9821.000000001552      0.2353691986973145 
  9822.000000001552     0.23469263877706126 
  9823.000000001552     0.23401712127774904 
  9824.000000001552     0.23334269301066202 
  9825.000000001552     0.23266940023918786 
  9826.000000001552     0.23228810811319445 
  9827.000000001552     0.23190713864758347 
  9828.000000001553     0.23152646723920775 
  9829.000000001553     0.23114606944187602 
  9830.000000001553      0.2307659209691046 
  9831.000000001553     0.23111829894472247 
  9832.000000001553      0.2314688490496692 
  9833.000000001553      0.2318175477193938 
  9834.000000001553     0.23216437124428205 
  9835.000000001553     0.23250929577249257 
  9836.000000001553     0.23261400203931032 
  9837.000000001555     0.23271780310741372 
  9838.000000001555     0.23282048357238921 
  9839.000000001555     0.23292184187554305 
  9840.000000001555     0.23302169034312253 
  9841.000000001555      0.2324732101705718 
  9842.000000001555     0.23192468346665104 
  9843.000000001555     0.23137597107284247 
  9844.000000001557      0.2308269492860589 
  9845.000000001557     0.23027750968797833 
  9846.000000001557      0.2296805302841484 
  9847.000000001557      0.2290832819059808 
  9848.000000001557      0.2284857072587792 
  9849.000000001557     0.22788776826975043 
  9850.000000001557     0.22728944584772026 
  9851.000000001557     0.22724128689817868 
  9852.000000001557     0.22719118851993028 
  9853.000000001559      0.2271391790370722 
  9854.000000001559     0.22708530526746848 
  9855.000000001559     0.22702963249980382 
  9856.000000001559     0.22711151139044372 
  9857.000000001559      0.2271911728072125 
  9858.000000001559     0.22726872892893396 
  9859.000000001559     0.22734430600955025 
   9860.00000000156     0.22741804439151625 
   9861.00000000156     0.22716000231367076 
   9862.00000000156     0.22690145310492296 
   9863.00000000156     0.22664257984730513 
   9864.00000000156      0.2263835786225278 
   9865.00000000156     0.22612465843349466 
   9866.00000000156     0.22568304250972104 
   9867.00000000156      0.2252417588061447 
   9868.00000000156     0.22480083004934875 
  9869.000000001563     0.22436027878842316 
  9870.000000001563     0.22392012739505138 
  9871.000000001563      0.2234968757529067 
  9872.000000001563     0.22307398750054921 
  9873.000000001563     0.22265148458948902 
  9874.000000001563     0.22222938880156784 
  9875.000000001563     0.22180772174876043 
  9876.000000001564      0.2215668419419449 
  9877.000000001564     0.22132582720958768 
  9878.000000001564     0.22108463188990404 
  9879.000000001564      0.2208432105141751 
  9880.000000001564     0.22060151780878237 
  9881.000000001564     0.22045193127138993 
  9882.000000001564     0.22030172819717195 
  9883.000000001564     0.22015086375340195 
  9884.000000001564     0.21999929322987974 
  9885.000000001566     0.21984697204019868 
  9886.000000001566     0.21951592657847588 
  9887.000000001566     0.21918447047978012 
  9888.000000001566      0.2188527179376586 
  9889.000000001566     0.21852077579825532 
  9890.000000001566       0.218188743608306 
  9891.000000001566     0.21778817359906152 
  9892.000000001568     0.21738789271123238 
  9893.000000001568     0.21698797869963407 
  9894.000000001568     0.21658850213305164 
  9895.000000001568     0.21618952645454068 
  9896.000000001568     0.21574741678911963 
  9897.000000001568     0.21530605719625798 
  9898.000000001568     0.21486548980570053 
  9899.000000001568     0.21442574983973803 
  9900.000000001568      0.2139868656807831 
   9901.00000000157     0.21368620272101035 
   9902.00000000157     0.21338600475926325 
   9903.00000000157     0.21308628124232193 
   9904.00000000157     0.21278703505231028 
   9905.00000000157     0.21248826255298237 
   9906.00000000157      0.2122329418750074 
   9907.00000000157     0.21197780903293004 
  9908.000000001572     0.21172280630256202 
  9909.000000001572     0.21146786761472308 
  9910.000000001572     0.21121291860939137 
  9911.000000001572      0.2108975863172106 
  9912.000000001572     0.21058226562242938 
  9913.000000001572     0.21026685760632205 
  9914.000000001572     0.20995125539120937 
  9915.000000001572     0.20963534420542357 
  9916.000000001572     0.20936133087230638 
  9917.000000001573      0.2090871051275116 
  9918.000000001573     0.20881266691689787 
  9919.000000001573     0.20853801618718906 
  9920.000000001573     0.20826315288387273 
  9921.000000001573     0.20789198311221468 
  9922.000000001573      0.2075209204344831 
  9923.000000001573      0.2071499648691695 
  9924.000000001575     0.20677911643540983 
  9925.000000001575     0.20640837515169264 
  9926.000000001575     0.20603774103672018 
  9927.000000001575      0.2056672141096207 
  9928.000000001575     0.20529679438909168 
  9929.000000001575      0.2049264818940422 
  9930.000000001575     0.20455627664306444 
  9931.000000001575     0.20425679717875686 
  9932.000000001575       0.203957173693348 
  9933.000000001577     0.20365740618829872 
  9934.000000001577      0.2033574946652865 
  9935.000000001577     0.20305743912626836 
  9936.000000001577     0.20279789844491922 
  9937.000000001577     0.20253786132932225 
  9938.000000001577     0.20227743981766677 
  9939.000000001577     0.20201673715085078 
  9940.000000001579      0.2017558478227013 
  9941.000000001579      0.2014329573080799 
  9942.000000001579     0.20111027535493828 
  9943.000000001579     0.20078787022981776 
  9944.000000001579      0.2004658015895773 
  9945.000000001579      0.2001441205467358 
  9946.000000001579     0.19982295237011413 
  9947.000000001579     0.19950230141927738 
  9948.000000001579     0.19918216592738272 
   9949.00000000158     0.19886253805056686 
   9950.00000000158      0.1985434039163357 
   9951.00000000158      0.1982193916603216 
   9952.00000000158      0.1978958451237483 
   9953.00000000158     0.19757273260600883 
   9954.00000000158     0.19725001657757527 
   9955.00000000158     0.19692765372853294 
  9956.000000001583      0.1966055950170483 
  9957.000000001583      0.1962837857200343 
  9958.000000001583      0.1959621654801344 
  9959.000000001583       0.195640668356204 
  9960.000000001583     0.19531922287242914 
  9961.000000001583     0.19499790080484786 
  9962.000000001583     0.19467649026535166 
  9963.000000001583     0.19435490347551565 
  9964.000000001583     0.19403304731997167 
  9965.000000001584     0.19371082339510587 
  9966.000000001584     0.19338804811806293 
  9967.000000001584      0.1930650825603872 
  9968.000000001584     0.19274196677019423 
  9969.000000001584     0.19241874053208408 
  9970.000000001584     0.19209544336497572 
  9971.000000001584     0.19178091423784763 
  9972.000000001586     0.19146634254009068 
  9973.000000001586     0.19115176699427144 
  9974.000000001586      0.1908372260652277 
  9975.000000001586     0.19052275796023724 
  9976.000000001586     0.19020847924956374 
  9977.000000001586     0.18989429073305744 
  9978.000000001586     0.18958017222946769 
  9979.000000001586     0.18926610368616423 
  9980.000000001586      0.1889520651790119 
  9981.000000001588     0.18863502811501812 
  9982.000000001588         0.1883180132534 
  9983.000000001588      0.1880010010619987 
  9984.000000001588     0.18768397213912108 
  9985.000000001588      0.1873669072131949 
  9986.000000001588     0.18705001896930148 
  9987.000000001588     0.18673320455524156 
   9988.00000000159     0.18641636750553603 
   9989.00000000159     0.18609941769146868 
   9990.00000000159     0.18578227127332586 
   9991.00000000159     0.18544615221751554 
   9992.00000000159     0.18510975202502314 
   9993.00000000159     0.18477300555561538 
   9994.00000000159     0.18443585378970404 
   9995.00000000159     0.18409824377654527 
   9996.00000000159      0.1837601285831901 
  9997.000000001592     0.18342157197231726 
  9998.000000001592      0.1830825690565404 
  9999.000000001592     0.18274312244316396 
 10000.000000001592     0.18240324216582113 
 10001.000000001592     0.18213084625224826 
 10002.000000001592      0.1818578452933174 
 10003.000000001592     0.18158427069863714 
 10004.000000001593     0.18131016108155126 
 10005.000000001593     0.18103556220423814 
 10006.000000001593     0.18068765430311245 
 10007.000000001593      0.1803395183074472 
 10008.000000001593      0.1799911916757901 
 10009.000000001593     0.17964271707325496 
 10010.000000001593     0.17929414231902716 
 10011.000000001593     0.17891169475081015 
 10012.000000001593     0.17852937412124475 
 10013.000000001595     0.17814724342962243 
 10014.000000001595     0.17776537056473685 
 10015.000000001595      0.1773838282470341 
 10016.000000001595     0.17700269397197843 
 10017.000000001595     0.17662174752668863 
 10018.000000001595       0.176240988982772 
 10019.000000001595      0.1758604184123934 
 10020.000000001597     0.17548003588767963 
 10021.000000001597     0.17518710289280146 
 10022.000000001597      0.1748940438950012 
 10023.000000001597     0.17460085890569582 
 10024.000000001597     0.17430754793630895 
 10025.000000001597     0.17401411099910716 
 10026.000000001597     0.17379086607613012 
 10027.000000001597     0.17356722904227326 
 10028.000000001597     0.17334319991777195 
 10029.000000001599     0.17311877872287934 
 10030.000000001599     0.17289396547772143 
 10031.000000001599      0.1725778385304783 
 10032.000000001599      0.1722616690323472 
 10033.000000001599     0.17194545698073105 
 10034.000000001599     0.17162920237338963 
 10035.000000001599     0.17131290520808198 
   10036.0000000016     0.17099677737949492 
   10037.0000000016      0.1706807421718345 
   10038.0000000016      0.1703647286290792 
   10039.0000000016     0.17004867150627154 
   10040.0000000016        0.16973251122135 
   10041.0000000016     0.16941842953743336 
   10042.0000000016     0.16910415655072064 
   10043.0000000016     0.16878964937622884 
   10044.0000000016     0.16847487059827357 
 10045.000000001603      0.1681597882230487 
 10046.000000001603     0.16784444498336287 
 10047.000000001603     0.16752879447219074 
 10048.000000001603      0.1672127974476957 
 10049.000000001603     0.16689642177051406 
 10050.000000001603     0.16657964233986575 
 10051.000000001603     0.16625661788330007 
 10052.000000001604      0.1659331818469992 
 10053.000000001604     0.16560932991257304 
 10054.000000001604      0.1652850645433165 
 10055.000000001604      0.1649603949186547 
 10056.000000001604     0.16463526883691254 
 10057.000000001604     0.16430973336184176 
 10058.000000001604     0.16398384021616003 
 10059.000000001604     0.16365764573041405 
 10060.000000001604      0.1633312107932162 
 10061.000000001606     0.16301119374538786 
 10062.000000001606     0.16269106987543694 
 10063.000000001606     0.16237091343265986 
 10064.000000001606     0.16205080303763328 
 10065.000000001606     0.16173082163376692 
 10066.000000001606     0.16144363182829957 
 10067.000000001606      0.1611563447339097 
 10068.000000001608      0.1608689766511645 
 10069.000000001608     0.16058154376391628 
 10070.000000001608      0.1602940621399261 
 10071.000000001608     0.15995352535019175 
 10072.000000001608      0.1596131794313536 
 10073.000000001608     0.15927303999935705 
 10074.000000001608     0.15893312253305222 
 10075.000000001608     0.15859344237399947 
 10076.000000001608      0.1582860248550826 
  10077.00000000161     0.15797870236208442 
  10078.00000000161      0.1576714420402835 
  10079.00000000161      0.1573642112848927 
  10080.00000000161     0.15705697773916588 
  10081.00000000161     0.15670662329209992 
  10082.00000000161     0.15635637457483914 
  10083.00000000161      0.1560062000398208 
 10084.000000001612     0.15565606842399973 
 10085.000000001612     0.15530594874738743 
 10086.000000001612     0.15495529799464772 
 10087.000000001612     0.15460436008444703 
 10088.000000001612      0.1542533020147917 
 10089.000000001612     0.15390227833221726 
 10090.000000001612     0.15355143125653195 
 10091.000000001612      0.1532101716935493 
 10092.000000001612     0.15286932129641514 
 10093.000000001613     0.15252898612356205 
 10094.000000001613      0.1521892604340808 
 10095.000000001613      0.1518502268112396 
 10096.000000001613      0.1515733722528611 
 10097.000000001613     0.15129713188306187 
 10098.000000001613     0.15102153391717718 
 10099.000000001613        0.15074659713156 
 10100.000000001615     0.15047233094843165 
 10101.000000001615     0.15024003367467792 
 10102.000000001615     0.15000824016672235 
 10103.000000001615     0.14977693286557267 
 10104.000000001615      0.1495460851619426 
 10105.000000001615     0.14931566146650424 
 10106.000000001615      0.1490555415060761 
 10107.000000001615     0.14879577961129029 
 10108.000000001615     0.14853628886367612 
 10109.000000001617     0.14827697236902837 
 10110.000000001617      0.1480177233505262 
 10111.000000001617     0.14771412483235485 
 10112.000000001617     0.14741055047795323 
 10113.000000001617     0.14710686459172603 
 10114.000000001617     0.14680292214424984 
 10115.000000001617     0.14649856888335028 
 10116.000000001619      0.1461641064977153 
 10117.000000001619      0.1458296485445436 
 10118.000000001619     0.14549522548069008 
 10119.000000001619     0.14516086748853638 
 10120.000000001619     0.14482660447742213 
 10121.000000001619     0.14452827741033994 
 10122.000000001619     0.14422995450845288 
 10123.000000001619     0.14393166489746206 
 10124.000000001619     0.14363343745949878 
  10125.00000000162     0.14333530083232845 
  10126.00000000162     0.14306620980719925 
  10127.00000000162     0.14279710206124271 
  10128.00000000162      0.1425279623216812 
  10129.00000000162     0.14225877542529147 
  10130.00000000162      0.1419895263188175 
  10131.00000000162     0.14170355829649414 
 10132.000000001623     0.14141756862641738 
 10133.000000001623     0.14113154257834282 
 10134.000000001623     0.14084546553974786 
 10135.000000001623     0.14055932301517204 
 10136.000000001623      0.1402732744792325 
 10137.000000001623     0.13998724263790116 
 10138.000000001623       0.139701155089336 
 10139.000000001623     0.13941494427906959 
 10140.000000001623      0.1391285474565448 
 10141.000000001624     0.13883266425100543 
 10142.000000001624     0.13853654832329998 
 10143.000000001624      0.1382401511454566 
 10144.000000001624     0.13794342883127347 
 10145.000000001624      0.1376463420918485 
 10146.000000001624      0.1373488561906553 
 10147.000000001624     0.13705101914984746 
 10148.000000001626     0.13675282765503738 
 10149.000000001626      0.1364542839953363 
 10150.000000001626     0.13615539600365692 
 10151.000000001626     0.13587688308255264 
 10152.000000001626      0.1355979962439519 
 10153.000000001626      0.1353187594386219 
 10154.000000001626      0.1350392019335897 
 10155.000000001626     0.13475935825417198 
 10156.000000001626      0.1344792681271552 
 10157.000000001628     0.13419889980164024 
 10158.000000001628       0.133918281225732 
 10159.000000001628       0.133637444204797 
 10160.000000001628      0.1333564243584926 
 10161.000000001628     0.13306576108132778 
 10162.000000001628     0.13277503874517702 
 10163.000000001628     0.13248430415623275 
  10164.00000000163     0.13219360774760258 
  10165.00000000163      0.1319030035348391 
  10166.00000000163     0.13161254907175363 
  10167.00000000163      0.1313220805463204 
  10168.00000000163     0.13103159795920896 
  10169.00000000163     0.13074110131108893 
  10170.00000000163     0.13045059060248534 
  10171.00000000163     0.13015396051887287 
  10172.00000000163      0.1298573429155242 
 10173.000000001632     0.12956073779990931 
 10174.000000001632     0.12926414517963217 
 10175.000000001632     0.12896756506202897 
 10176.000000001632     0.12867099745483696 
 10177.000000001632      0.1283744423652597 
 10178.000000001632     0.12807789980090148 
 10179.000000001632     0.12778136976936524 
 10180.000000001633     0.12748485227802617 
 10181.000000001633      0.1272108199583762 
 10182.000000001633     0.12693672692365057 
 10183.000000001633     0.12666257317073734 
 10184.000000001633     0.12638835869652545 
 10185.000000001633     0.12611408349786243 
 10186.000000001633        0.12581437665487 
 10187.000000001633     0.12551471972501582 
 10188.000000001633     0.12521511274214706 
 10189.000000001635     0.12491555573985309 
 10190.000000001635     0.12461604875162124 
 10191.000000001635     0.12433084266534183 
 10192.000000001635     0.12404565296071027 
 10193.000000001635     0.12376047963801827 
 10194.000000001635     0.12347532269742882 
 10195.000000001635      0.1231901821391455 
 10196.000000001637      0.1229298622131015 
 10197.000000001637     0.12266944359085545 
 10198.000000001637     0.12240892628239844 
 10199.000000001637     0.12214831029797511 
 10200.000000001637      0.1218875956475415 
 10201.000000001637      0.1216054039723645 
 10202.000000001637     0.12132321341753273 
 10203.000000001637      0.1210410239882995 
 10204.000000001637      0.1207588356901681 
 10205.000000001639     0.12047664852814144 
 10206.000000001639      0.1201944625075978 
 10207.000000001639     0.11991227763379075 
 10208.000000001639     0.11963009391197389 
 10209.000000001639     0.11934791134752487 
 10210.000000001639     0.11906572994559932 
 10211.000000001639     0.11879915543855812 
  10212.00000000164     0.11853250980285893 
  10213.00000000164     0.11826579303160877 
  10214.00000000164     0.11799900511742455 
  10215.00000000164     0.11773214605341274 
  10216.00000000164     0.11746521583231327 
  10217.00000000164     0.11719821444710993 
  10218.00000000164      0.1169311418905437 
  10219.00000000164     0.11666399815559832 
  10220.00000000164     0.11639678323511794 
 10221.000000001643     0.11611847579112049 
 10222.000000001643      0.1158401785440063 
 10223.000000001643      0.1155618914951202 
 10224.000000001643     0.11528361464508775 
 10225.000000001643     0.11500534799509488 
 10226.000000001643      0.1147039610842351 
 10227.000000001643     0.11440269657137066 
 10228.000000001644     0.11410155445151784 
 10229.000000001644     0.11380053471933657 
 10230.000000001644     0.11349963736989004 
 10231.000000001644     0.11322925693251468 
 10232.000000001644     0.11295887898216712 
 10233.000000001644     0.11268850352066417 
 10234.000000001644     0.11241813054982154 
 10235.000000001644     0.11214776007118442 
 10236.000000001644     0.11185495200933925 
 10237.000000001646     0.11156234371898385 
 10238.000000001646     0.11126988865302756 
 10239.000000001646      0.1109775441345469 
 10240.000000001646     0.11068527131151912 
 10241.000000001644     0.11044996465740817 
 10242.000000001646     0.11021439069955646 
 10243.000000001648     0.10997852154443097 
 10244.000000001648     0.10974233289403658 
 10245.000000001646     0.10950580401051084 
 10246.000000001648     0.10926896283107565 
 10247.000000001648      0.1090317792479399 
 10248.000000001648     0.10879422785351482 
 10249.000000001648     0.10855628789235033 
 10250.000000001648     0.10831794321381547 
  10251.00000000165     0.10794355714779967 
 10252.000000001648     0.10756895628432804 
 10253.000000001648     0.10719413905837004 
  10254.00000000165     0.10681910831412297 
 10255.000000001652     0.10644387122851043 
  10256.00000000165     0.10606839540520063 
 10257.000000001648     0.10569271252078657 
  10258.00000000165     0.10531685706304103 
 10259.000000001652     0.10494086627345775 
 10260.000000001652     0.10456478008993024 
  10261.00000000165      0.1041928166703811 
 10262.000000001652     0.10382081585760924 
 10263.000000001652     0.10344882533474728 
 10264.000000001652     0.10307689526029487 
 10265.000000001652     0.10270507821138218 
 10266.000000001652     0.10233342912817922 
 10267.000000001653     0.10196183063661143 
 10268.000000001652     0.10159029296368574 
 10269.000000001652     0.10121882618562661 
 10270.000000001653     0.10084744022837913 
 10271.000000001655     0.10050792025765336 
 10272.000000001653     0.10016836053117294 
 10273.000000001652     0.09982877058444949 
 10274.000000001653      0.0994891598148275 
 10275.000000001655     0.09914953748137155 
 10276.000000001655     0.09880995355208338 
 10277.000000001653     0.09847034580812516 
 10278.000000001655     0.09813069342884112 
 10279.000000001655      0.0977909758694718 
 10280.000000001655     0.09745117286086886 
 10281.000000001655     0.09709029199988814 
 10282.000000001655      0.0967294813699924 
 10283.000000001657     0.09636872155695458 
 10284.000000001655     0.09600799343936851 
 10285.000000001655      0.0956472781889383 
 10286.000000001657     0.09528624223100764 
 10287.000000001659     0.09492503720424392 
 10288.000000001657      0.0945637666866181 
 10289.000000001655     0.09420252601221464 
 10290.000000001657     0.09384140239902904 
 10291.000000001659     0.09350486708393609 
 10292.000000001659     0.09316850587122671 
 10293.000000001657     0.09283238260509992 
 10294.000000001659      0.0924965535914802 
 10295.000000001659     0.09216106771851008 
 10296.000000001659     0.09184451785418657 
 10297.000000001659     0.09152827625153936 
 10298.000000001659     0.09121235774446801 
  10299.00000000166     0.09089677134502583 
 10300.000000001659     0.09058152034058382 
 10301.000000001659     0.09025705647431201 
  10302.00000000166     0.08993298852943779 
 10303.000000001663      0.0896093030505182 
  10304.00000000166     0.08928598124962267 
 10305.000000001659     0.08896299910488484 
  10306.00000000166     0.08864032745916972 
 10307.000000001663     0.08831788165854731 
 10308.000000001663     0.08799560833759826 
  10309.00000000166     0.08767344861462195 
 10310.000000001663     0.08735133820633872 
 10311.000000001663      0.0870346067819676 
 10312.000000001663     0.08671787711417797 
 10313.000000001663     0.08640106941841708 
 10314.000000001663     0.08608409894835237 
 10315.000000001664     0.08576687610991891 
 10316.000000001663     0.08544927125249825 
 10317.000000001663      0.0851315873024747 
 10318.000000001664      0.0848138423123639 
 10319.000000001666     0.08449605407524403 
 10320.000000001664     0.08417824012495694 
 10321.000000001663     0.08386277342976775 
 10322.000000001664     0.08354729743118522 
 10323.000000001666     0.08323182888699324 
 10324.000000001666     0.08291638429747356 
 10325.000000001664     0.08260097990515793 
 10326.000000001666     0.08228566570739765 
 10327.000000001666     0.08197039811766382 
 10328.000000001666     0.08165516795510079 
 10329.000000001666     0.08133996616783988 
 10330.000000001666     0.08102478383245408 
 10331.000000001668      0.0807236362705038 
 10332.000000001666     0.08042247700695809 
 10333.000000001666      0.0801212975148265 
 10334.000000001668     0.07982008939064537 
  10335.00000000167     0.07951884435368606 
 10336.000000001668     0.07921765242760831 
 10337.000000001666     0.07891646952342318 
 10338.000000001668     0.07861525461046699 
  10339.00000000167     0.07831396966976548 
  10340.00000000167     0.07801257964841984 
 10341.000000001668     0.07771785992274179 
  10342.00000000167     0.07742296869539311 
  10343.00000000167     0.07712787949494247 
  10344.00000000167      0.0768325686240138 
  10345.00000000167     0.07653701511399702 
  10346.00000000167     0.07624120068092238 
 10347.000000001672     0.07594515304232449 
  10348.00000000167     0.07564887134363087 
  10349.00000000167     0.07535235784672878 
 10350.000000001672     0.07505561786997222 
 10351.000000001673     0.07476888232782061 
 10352.000000001672     0.07448195512063874 
  10353.00000000167      0.0741948503103587 
 10354.000000001672       0.073907584780796 
 10355.000000001673     0.07362017817862462 
 10356.000000001673      0.0733326528552184 
 10357.000000001672     0.07304499210212793 
 10358.000000001673     0.07275721177791827 
 10359.000000001673      0.0724693297250456 
 10360.000000001673     0.07218136572583575 
 10361.000000001673     0.07189738398733236 
 10362.000000001673       0.071613381256406 
 10363.000000001675       0.071329382872155 
 10364.000000001673      0.0710454159435428 
 10365.000000001673     0.07076150930611459 
 10366.000000001675     0.07047769347865435 
 10367.000000001677     0.07019388042862819 
 10368.000000001675     0.06991007016196558 
 10369.000000001673     0.06962626268481324 
 10370.000000001675     0.06934245800334034 
 10371.000000001677      0.0690724316814966 
 10372.000000001677     0.06880234685548951 
 10373.000000001675     0.06853220351951947 
 10374.000000001677      0.0682620016677163 
 10375.000000001677     0.06799174129442283 
 10376.000000001677     0.06772142239369965 
 10377.000000001677       0.067451044959887 
 10378.000000001677     0.06718060898718405 
 10379.000000001679     0.06691011446965275 
 10380.000000001677      0.0666395614017102 
 10381.000000001677     0.06637412337694644 
 10382.000000001679     0.06610868405857208 
  10383.00000000168      0.0658432434473512 
 10384.000000001679     0.06557780154384356 
 10385.000000001677      0.0653123583488799 
 10386.000000001679     0.06504691386308703 
  10387.00000000168     0.06478146808716112 
  10388.00000000168     0.06451602102193148 
 10389.000000001679     0.06425057266795868 
  10390.00000000168     0.06398512302600512 
  10391.00000000168      0.0637204852760885 
  10392.00000000168     0.06345583937251877 
  10393.00000000168     0.06319118531695707 
  10394.00000000168     0.06292652311132686 
 10395.000000001683     0.06266185275742121 
  10396.00000000168     0.06239717425696903 
  10397.00000000168    0.062132487611891586 
 10398.000000001683     0.06186779282385266 
 10399.000000001684     0.06160308989471023 
 10400.000000001683    0.061338378826354616 
  10401.00000000168      0.0610932992342606 
 10402.000000001683    0.060848149897838745 
 10403.000000001684     0.06060293080847086 
 10404.000000001684      0.0603576419574753 
 10405.000000001683     0.06011228333610699 
 10406.000000001684     0.05986685493580741 
 10407.000000001684     0.05962135674777046 
 10408.000000001684     0.05937578876343733 
 10409.000000001684     0.05913015097406273 
 10410.000000001684     0.05888444337100411 
 10411.000000001686     0.05862700567455562 
 10412.000000001684     0.05836959853714537 
 10413.000000001684     0.05811222195800128 
 10414.000000001686    0.057854875936351205 
 10415.000000001688     0.05759756047142407 
 10416.000000001686     0.05734027556250774 
 10417.000000001684     0.05708302120876985 
 10418.000000001686     0.05682579740943757 
 10419.000000001688     0.05656860416379754 
 10420.000000001688     0.05631144147105014 
 10421.000000001686    0.056072836619034824 
 10422.000000001688     0.05583420531995514 
 10423.000000001688    0.055595547572932634 
 10424.000000001688     0.05535686337726134 
 10425.000000001688     0.05511815273211859 
 10426.000000001688    0.054879415636624934 
  10427.00000000169    0.054640652089959704 
 10428.000000001688     0.05440186209135839 
 10429.000000001688      0.0541630456400545 
  10430.00000000169    0.053924202735120406 
 10431.000000001692    0.053689320424776615 
  10432.00000000169    0.053454376209058595 
 10433.000000001688    0.053219370080733096 
  10434.00000000169     0.05298430203267726 
 10435.000000001692     0.05274917205765929 
 10436.000000001692    0.052514045223370893 
  10437.00000000169    0.052278897511287184 
 10438.000000001692     0.05204370690743633 
 10439.000000001692     0.05180845336673216 
 10440.000000001692     0.05157311877707183 
 10441.000000001692     0.05133802311724419 
 10442.000000001692     0.05110292418650619 
 10443.000000001693    0.050867809460563275 
 10444.000000001692     0.05063266820441957 
 10445.000000001692    0.050397491436261724 
 10446.000000001693    0.050152189438293436 
 10447.000000001695     0.04990694690603899 
 10448.000000001693     0.04966175291558395 
 10449.000000001692    0.049416598792348033 
 10450.000000001693    0.049171478061243445 
 10451.000000001695     0.04894672481986239 
 10452.000000001695     0.04872180501795252 
 10453.000000001693     0.04849671836247139 
 10454.000000001695     0.04827146656288224 
 10455.000000001695    0.048046053285595046 
 10456.000000001695    0.047820464347287164 
 10457.000000001695     0.04759471449378406 
 10458.000000001695     0.04736881967496319 
 10459.000000001697     0.04714279701043064 
 10460.000000001695     0.04691666475445362 
 10461.000000001695     0.04669898790806642 
 10462.000000001697     0.04648127588417042 
 10463.000000001699      0.0462635501285895 
 10464.000000001697      0.0460458330994117 
 10465.000000001695     0.04582814823411128 
 10466.000000001697     0.04561051991645464 
 10467.000000001699    0.045392895702935206 
 10468.000000001699    0.045175280130132466 
 10469.000000001697    0.044957677646358524 
 10470.000000001699     0.04474009261151599 
 10471.000000001699     0.04452561449297947 
 10472.000000001699     0.04431119081751743 
 10473.000000001699    0.044096825681443366 
 10474.000000001699    0.043882523093931126 
   10475.0000000017     0.04366828697735724 
 10476.000000001699     0.04345413913081479 
 10477.000000001699     0.04324005195652567 
   10478.0000000017      0.0430260161695236 
 10479.000000001703     0.04281202265904169 
   10480.0000000017     0.04259806248835932 
 10481.000000001699    0.042389418810035835 
   10482.0000000017    0.042180738198385574 
 10483.000000001703     0.04197201223401432 
 10484.000000001703     0.04176323266719088 
   10485.0000000017    0.041554391418099024 
 10486.000000001703     0.04133707645961494 
 10487.000000001703    0.041119748944784595 
 10488.000000001703     0.04090243103084563 
 10489.000000001703     0.04068514318651238 
 10490.000000001703     0.04046790422538694 
 10491.000000001704     0.04026809575326026 
 10492.000000001703    0.040068314077533355 
 10493.000000001703     0.03986857327909555 
 10494.000000001704     0.03966888593948823 
 10495.000000001706     0.03946926317146563 
 10496.000000001704    0.039269714649558495 
 10497.000000001703    0.039070248640431515 
 10498.000000001704    0.038870872033680066 
 10499.000000001706     0.03867159037208117 
 10500.000000001706     0.03847240788211731 
 10501.000000001704      0.0382792446018653 
 10502.000000001706    0.038086186525551936 
 10503.000000001706     0.03789323416296613 
 10504.000000001706     0.03770038682990634 
 10505.000000001706     0.03750764267755803 
 10506.000000001706     0.03731499872188037 
 10507.000000001708     0.03712242966066931 
 10508.000000001706     0.03692992445086303 
 10509.000000001706    0.036737470757228594 
 10510.000000001708     0.03654505499160694 
  10511.00000000171     0.03635271940308365 
 10512.000000001708    0.036160390365461564 
 10513.000000001706    0.035968050765991744 
 10514.000000001708     0.03577568239528515 
  10515.00000000171     0.03558326598668206 
  10516.00000000171     0.03539078125558067 
 10517.000000001708    0.035198287355107404 
  10518.00000000171     0.03500578428564911 
  10519.00000000171     0.03481327204770248 
  10520.00000000171    0.034620750641630546 
  10521.00000000171     0.03443482005509261 
  10522.00000000171    0.034248937762438425 
 10523.000000001712    0.034063103777427176 
  10524.00000000171    0.033877318113712265 
  10525.00000000171     0.03369158078509911 
 10526.000000001712     0.03351266203989335 
 10527.000000001713    0.033333719357104344 
 10528.000000001712     0.03315475273582079 
  10529.00000000171    0.032975762175303576 
 10530.000000001712     0.03279674767475515 
 10531.000000001713    0.032623999451712064 
 10532.000000001713     0.03245122547435677 
 10533.000000001712     0.03227842574076049 
 10534.000000001713    0.032105600248994406 
 10535.000000001713    0.031932748997163495 
 10536.000000001713     0.03175987198330617 
 10537.000000001713     0.03158696920549343 
 10538.000000001713    0.031414040661828804 
 10539.000000001715     0.03124108635041579 
 10540.000000001713    0.031068106269221536 
 10541.000000001713     0.03089114764478837 
 10542.000000001715    0.030714274105708143 
 10543.000000001717    0.030537485642755952 
 10544.000000001715     0.03036078224676953 
 10545.000000001713    0.030184163908531875 
 10546.000000001715    0.030013700123344113 
 10547.000000001717    0.029843252440057623 
 10548.000000001717     0.02967282085922162 
 10549.000000001715    0.029502405381445624 
 10550.000000001717    0.029332006007203728 
 10551.000000001717     0.02917214196635836 
 10552.000000001717     0.02901224355535579 
 10553.000000001717      0.0288523107713187 
 10554.000000001717    0.028692343611339533 
 10555.000000001719    0.028532342072501535 
 10556.000000001717    0.028366568577412637 
 10557.000000001717    0.028200825437901644 
 10558.000000001719     0.02803511267197423 
  10559.00000000172    0.027869430297580326 
 10560.000000001719    0.027703778332717238 
 10561.000000001717    0.027547504656827097 
 10562.000000001719    0.027391223498261764 
  10563.00000000172     0.02723493485754813 
  10564.00000000172    0.027078638735185064 
 10565.000000001719    0.026922335131690005 
  10566.00000000172    0.026760605824162134 
  10567.00000000172     0.02659893232347423 
  10568.00000000172    0.026437314634688375 
  10569.00000000172    0.026275752762865853 
  10570.00000000172    0.026114246713141814 
 10571.000000001723    0.025964344410016754 
  10572.00000000172    0.025814431973733145 
  10573.00000000172    0.025664509404222536 
 10574.000000001723    0.025514576701363475 
 10575.000000001724     0.02536463386513295 
 10576.000000001723       0.025209571537626 
  10577.00000000172    0.025054559851960524 
 10578.000000001723     0.02489959881416959 
 10579.000000001724     0.02474468843041714 
 10580.000000001724    0.024589828706784337 
 10581.000000001723    0.024447263664649478 
 10582.000000001724    0.024304674123757624 
 10583.000000001724    0.024162060081867803 
 10584.000000001724    0.024019421536637824 
 10585.000000001724     0.02387675848582525 
 10586.000000001724    0.023734070927087656 
 10587.000000001726    0.023591358858182414 
 10588.000000001724     0.02344862227681691 
 10589.000000001724     0.02330586118067349 
 10590.000000001726     0.02316307556746855 
 10591.000000001728     0.02302578005028223 
 10592.000000001726     0.02288853736812899 
 10593.000000001724    0.022751347522223103 
 10594.000000001726     0.02261421051370682 
 10595.000000001728    0.022477126343777902 
 10596.000000001728    0.022344631994696672 
 10597.000000001726    0.022212136681337976 
 10598.000000001728    0.022079640404307894 
 10599.000000001728    0.021947143164144034 
 10600.000000001728    0.021814644961477437 
 10601.000000001728    0.021682988832831974 
 10602.000000001728     0.02155132147665629 
  10603.00000000173     0.02141964289275591 
 10604.000000001728     0.02128795308091371 
 10605.000000001728    0.021156252040882548 
  10606.00000000173    0.021020270830417232 
 10607.000000001732      0.0208843318831246 
  10608.00000000173     0.02074843520564376 
 10609.000000001728    0.020612580804591538 
  10610.00000000173       0.020476768686622 
 10611.000000001732    0.020349957260746374 
 10612.000000001732    0.020223149998773313 
  10613.00000000173    0.020096346901232593 
 10614.000000001732    0.019969547968674835 
 10615.000000001732     0.01984275320160926 
 10616.000000001732    0.019715962600566232 
 10617.000000001732    0.019589176166095883 
 10618.000000001732     0.01946239389872752 
 10619.000000001733     0.01933561579899105 
 10620.000000001732    0.019208841867434465 
 10621.000000001732    0.019092553519318378 
 10622.000000001733    0.018976287016002943 
 10623.000000001735    0.018860042369431684 
 10624.000000001733     0.01874381959153026 
 10625.000000001732    0.018627618694232486 
 10626.000000001733     0.01851520677120069 
 10627.000000001735    0.018402771000567898 
 10628.000000001735    0.018290311379695796 
 10629.000000001733     0.01817782790598379 
 10630.000000001735     0.01806532057680902 
 10631.000000001735    0.017951148577443368 
 10632.000000001735    0.017836973479301563 
 10633.000000001735     0.01772279528270594 
 10634.000000001735     0.01760861398803443 
 10635.000000001737    0.017494429595603597 
 10636.000000001735    0.017376705942573865 
 10637.000000001735     0.01725902565865999 
 10638.000000001737    0.017141388746052196 
 10639.000000001739    0.017023795207013113 
 10640.000000001737     0.01690624504381348 
 10641.000000001735    0.016804178029165725 
 10642.000000001737     0.01670210840813887 
 10643.000000001739    0.016600036181016197 
 10644.000000001739    0.016497961348115906 
 10645.000000001737    0.016395883909721062 
 10646.000000001739     0.01629380386616624 
 10647.000000001739    0.016191721217717992 
 10648.000000001739    0.016089635964694166 
 10649.000000001739     0.01598754810741173 
 10650.000000001739    0.015885457646157244 
  10651.00000000174    0.015785174310525053 
 10652.000000001739    0.015684865100344624 
 10653.000000001739    0.015584530012280199 
  10654.00000000174     0.01548416904297927 
 10655.000000001743    0.015383782189073561 
  10656.00000000174     0.01528336944724289 
 10657.000000001739    0.015182930814118067 
  10658.00000000174    0.015082466286345901 
 10659.000000001743    0.014981975860573492 
 10660.000000001743    0.014881459533481058 
  10661.00000000174    0.014791138267052173 
 10662.000000001743    0.014700816344098899 
 10663.000000001743    0.014610493765032087 
 10664.000000001743    0.014520170530247073 
 10665.000000001743    0.014429846640138765 
 10666.000000001743    0.014339522095102085 
 10667.000000001744     0.01424919689554727 
 10668.000000001743    0.014158871041854607 
 10669.000000001743    0.014068544534433732 
 10670.000000001744    0.013978217373664928 
 10671.000000001746    0.013887994362259808 
 10672.000000001744    0.013797769337107971 
 10673.000000001743     0.01370754229853422 
 10674.000000001744    0.013617313246906404 
 10675.000000001746    0.013527082182549645 
 10676.000000001746    0.013436849105817564 
 10677.000000001744    0.013346614017035092 
 10678.000000001746    0.013256376916541416 
 10679.000000001746    0.013166137804689898 
 10680.000000001746     0.01307589668184731 
 10681.000000001746    0.013001344372076314 
 10682.000000001746    0.012926746968766547 
 10683.000000001748    0.012852104462838914 
 10684.000000001746    0.012777416845213663 
 10685.000000001746     0.01270268410679685 
 10686.000000001748     0.01262790623852056 
  10687.00000000175    0.012553083231290058 
 10688.000000001748    0.012478215076023378 
 10689.000000001746    0.012403301763637492 
 10690.000000001748    0.012328343285040766 
  10691.00000000175    0.012256096006176382 
  10692.00000000175    0.012183845499569912 
 10693.000000001748    0.012111591765283527 
  10694.00000000175    0.012039334803392185 
  10695.00000000175    0.011967074614000425 
  10696.00000000175    0.011897228841692739 
  10697.00000000175    0.011827350465340012 
  10698.00000000175     0.01175743948305213 
 10699.000000001752    0.011687495892914953 
  10700.00000000175    0.011617519693051234 
  10701.00000000175    0.011547512044182194 
 10702.000000001752    0.011477471767680084 
 10703.000000001754    0.011407398861634034 
 10704.000000001752    0.011337293324145235 
  10705.00000000175    0.011267155153326306 
 10706.000000001752    0.011196984347266245 
 10707.000000001754    0.011126780904066257 
 10708.000000001754    0.011056544821827531 
 10709.000000001752    0.010986276098639532 
 10710.000000001754    0.010915974732633317 
 10711.000000001754    0.010856278225433622 
 10712.000000001754    0.010796571160345814 
 10713.000000001754     0.01073685353683862 
 10714.000000001754    0.010677125354358377 
 10715.000000001755    0.010617386612374081 
 10716.000000001754    0.010557637310332586 
 10717.000000001754    0.010497877447713497 
 10718.000000001755    0.010438107023963479 
 10719.000000001757    0.010378326038540522 
 10720.000000001755    0.010318534490911972 
 10721.000000001754    0.010264019353791632 
 10722.000000001755    0.010209503007558638 
 10723.000000001757     0.01015498545240577 
 10724.000000001757    0.010100466688547064 
 10725.000000001755    0.010045946716189197 
 10726.000000001757     0.00999345014050506 
 10727.000000001757    0.009940930260503092 
 10728.000000001757    0.009888387075685985 
 10729.000000001757    0.009835820585494367 
 10730.000000001757    0.009783230789410123 
 10731.000000001759    0.009730534039391205 
 10732.000000001757    0.009677814889290499 
 10733.000000001757    0.009625073339159714 
 10734.000000001759    0.009572309389040492 
  10735.00000000176    0.009519523038951738 
 10736.000000001759    0.009464800274753254 
 10737.000000001757     0.00941007724336305 
 10738.000000001759    0.009355353944973147 
  10739.00000000176    0.009300630379785676 
  10740.00000000176    0.009245906548004812 
 10741.000000001759    0.009192360427313638 
  10742.00000000176    0.009138865166037558 
  10743.00000000176     0.00908542077719699 
  10744.00000000176    0.009032027273775374 
  10745.00000000176    0.008978684668797953 
  10746.00000000176    0.008932639082784938 
 10747.000000001763    0.008886566750702686 
  10748.00000000176    0.008840467667727479 
  10749.00000000176     0.00879434182901658 
 10750.000000001763     0.00874818922976032 
 10751.000000001764    0.008705353580184115 
 10752.000000001763     0.00866245409901606 
  10753.00000000176    0.008619490776398571 
 10754.000000001763    0.008576463602455706 
 10755.000000001764    0.008533372567314382 
 10756.000000001764    0.008486789347937597 
 10757.000000001763    0.008440181280134051 
 10758.000000001764    0.008393548360511866 
 10759.000000001764    0.008346890585670378 
 10760.000000001764    0.008300207952187845 
 10761.000000001764     0.00825139104275187 
 10762.000000001764    0.008202574031828632 
 10763.000000001766    0.008153756919556157 
 10764.000000001764     0.00810493970611478 
 10765.000000001764    0.008056122391625415 
 10766.000000001766    0.008002456961158602 
 10767.000000001768    0.007948850543021798 
 10768.000000001766     0.00789530313753823 
 10769.000000001764    0.007841814745055284 
 10770.000000001766     0.00778838536592352 
 10771.000000001768    0.007741754555922069 
 10772.000000001768    0.007695167385388587 
 10773.000000001766    0.007648623867016475 
 10774.000000001768    0.007602124013532512 
 10775.000000001768    0.007555667837662488 
 10776.000000001768    0.007516883608220809 
 10777.000000001768    0.007478058121786571 
 10778.000000001768   0.0074391913689170796 
  10779.00000000177    0.007400283340184307 
 10780.000000001768    0.007361334026127559 
 10781.000000001768    0.007317500519607382 
  10782.00000000177   0.0072736031170235315 
 10783.000000001772    0.007229641808694258 
  10784.00000000177    0.007185616584929646 
 10785.000000001768   0.0071415274360414616 
  10786.00000000177    0.007094517259711055 
 10787.000000001772    0.007047487796890357 
 10788.000000001772    0.007000436045427374 
  10789.00000000177    0.006953359293078849 
 10790.000000001772    0.006906255110358835 
 10791.000000001772    0.006863497213722967 
 10792.000000001772    0.006820732469005798 
 10793.000000001772   0.0067779592399030645 
 10794.000000001772    0.006735176140213412 
 10795.000000001774    0.006692382027339335 
 10796.000000001772    0.006644208023239881 
 10797.000000001772    0.006596090557483389 
 10798.000000001774     0.00654802921073812 
 10799.000000001775   0.0065000237819317404 
 10800.000000001774     0.00645207428087685 
 10801.000000001772   0.0064058237172041396 
 10802.000000001774     0.00635960739854483 
 10803.000000001775    0.006313425922228245 
 10804.000000001775    0.006267280068010131 
 10805.000000001774    0.006221170791023686 
 10806.000000001775     0.00618012523900163 
 10807.000000001775    0.006139051462991082 
 10808.000000001775    0.006097950003836879 
 10809.000000001775    0.006056821639229714 
 10810.000000001775   0.0060156673753244995 
 10811.000000001777    0.005979277258034141 
 10812.000000001775    0.005942882327278237 
 10813.000000001775    0.005906484219337516 
 10814.000000001777    0.005870084771099972 
 10815.000000001779    0.005833686012684271 
 10816.000000001777    0.005800819105503623 
 10817.000000001775    0.005767901774932207 
 10818.000000001777    0.005734934694257176 
 10819.000000001779    0.005701918523590051 
 10820.000000001779    0.005668853909846965 
 10821.000000001777    0.005634250414046141 
 10822.000000001779    0.005599618814343403 
 10823.000000001779    0.005564959724593479 
 10824.000000001779    0.005530273744616027 
 10825.000000001779    0.005495561460156344 
 10826.000000001779    0.005454209192445967 
  10827.00000000178    0.005412922703507097 
 10828.000000001779    0.005371701746222092 
 10829.000000001779   0.0053305461337884025 
  10830.00000000178    0.005289455737615707 
 10831.000000001783    0.005242741270129207 
  10832.00000000178     0.00519609555778018 
 10833.000000001779    0.005149518642867526 
  10834.00000000178    0.005103010616965676 
 10835.000000001783    0.005056571618589509 
 10836.000000001783   0.0050173422093806675 
  10837.00000000178   0.0049780536608307726 
 10838.000000001783   0.0049387083205987125 
 10839.000000001783    0.004899308266607198 
 10840.000000001783    0.004859855314854571 
 10841.000000001783    0.004832508173165304 
 10842.000000001783    0.004805126258452677 
 10843.000000001784   0.0047777106819563205 
 10844.000000001783    0.004750262334436489 
 10845.000000001783    0.004722781891694085 
 10846.000000001784    0.004691470289604393 
 10847.000000001786    0.004660179144867438 
 10848.000000001784    0.004628909232775425 
 10849.000000001783    0.004597661162251023 
 10850.000000001784    0.004566435380594936 
 10851.000000001786    0.004525326655877683 
 10852.000000001786    0.004484304254227366 
 10853.000000001784    0.004443368082641823 
 10854.000000001786     0.00440251790574421 
 10855.000000001786    0.004361753351993797 
 10856.000000001786   0.0043157882026984675 
 10857.000000001786    0.004269993737622078 
 10858.000000001786    0.004224368545576719 
 10859.000000001788   0.0041789110954001275 
 10860.000000001786   0.0041336197447902024 
 10861.000000001786    0.004102086587150193 
 10862.000000001788    0.004070578282302793 
  10863.00000000179    0.004039092895697648 
 10864.000000001788    0.004007628388548894 
 10865.000000001786   0.0039761826241372054 
 10866.000000001788   0.0039545276957781384 
  10867.00000000179    0.003932748289513251 
  10868.00000000179    0.003910844396411909 
 10869.000000001788    0.003888816007556596 
  10870.00000000179   0.0038666631140171215 
  10871.00000000179   0.0038436789864361386 
  10872.00000000179   0.0038205817146260337 
  10873.00000000179   0.0037973712837824506 
  10874.00000000179    0.003774047679092685 
 10875.000000001792   0.0037506108857319697 
  10876.00000000179   0.0037225423265209983 
  10877.00000000179   0.0036944342264732923 
 10878.000000001792   0.0036662865806155556 
 10879.000000001794   0.0036380993839898648 
 10880.000000001792   0.0036098726316150295 
  10881.00000000179    0.003577156782405263 
 10882.000000001792    0.003544477181057447 
 10883.000000001794    0.003511833828995924 
 10884.000000001794    0.003479226727641245 
 10885.000000001792   0.0034466558784135358 
 10886.000000001794   0.0034120466698563715 
 10887.000000001794     0.00337751071310876 
 10888.000000001794    0.003343048010946538 
 10889.000000001794     0.00330865856613811 
 10890.000000001794    0.003274342381472419 
 10891.000000001795   0.0032421172348007315 
 10892.000000001794    0.003209927643612047 
 10893.000000001794   0.0031777736105251097 
 10894.000000001795   0.0031456551381618156 
 10895.000000001797   0.0031135722291352947 
 10896.000000001795   0.0030821547971224615 
 10897.000000001794    0.003050760611308478 
 10898.000000001795   0.0030193896734551193 
 10899.000000001797    0.002988041985321051 
 10900.000000001797   0.0029567175486808757 
 10901.000000001795   0.0029308505647361836 
 10902.000000001797    0.002905011976805427 
 10903.000000001797    0.002879201787129505 
 10904.000000001797    0.002853419997949177 
 10905.000000001797   0.0028276666115342264 
 10906.000000001797   0.0028082743520672607 
 10907.000000001799    0.002788802085293551 
 10908.000000001797   0.0027692498055894572 
 10909.000000001797   0.0027496175073348514 
 10910.000000001799    0.002729905184907249 
   10911.0000000018    0.002708427113053892 
 10912.000000001799    0.002686899100169484 
 10913.000000001797     0.00266532114452443 
 10914.000000001799    0.002643693244386579 
   10915.0000000018    0.002622015397999784 
   10916.0000000018    0.002591339245542596 
 10917.000000001799   0.0025607809749316024 
   10918.0000000018    0.002530340590503416 
   10919.0000000018   0.0025000180966049637 
   10920.0000000018   0.0024698134975754808 
   10921.0000000018   0.0024402311988345375 
   10922.0000000018    0.002410756864497781 
 10923.000000001803   0.0023813904989150665 
   10924.0000000018    0.002352132106423085 
   10925.0000000018   0.0023229816913991506 
 10926.000000001803   0.0023015714120293313 
 10927.000000001804   0.0022801111373444796 
 10928.000000001803    0.002258600865456382 
   10929.0000000018   0.0022370405944672446 
 10930.000000001803    0.002215430322493201 
 10931.000000001804   0.0021960317177797816 
 10932.000000001804   0.0021765337316822547 
 10933.000000001803   0.0021569363603522146 
 10934.000000001804    0.002137239599943978 
 10935.000000001804   0.0021174434465957423 
 10936.000000001804    0.002093271550120436 
 10937.000000001804   0.0020690990172106934 
 10938.000000001804   0.0020449258479199044 
 10939.000000001806    0.002020752042308016 
 10940.000000001804    0.001996577600426575 
 10941.000000001804   0.0019748368590604345 
 10942.000000001806   0.0019531618134436975 
 10943.000000001808    0.001931552468494384 
 10944.000000001806   0.0019100088291299545 
 10945.000000001804   0.0018885309002814347 
 10946.000000001806   0.0018705898845623506 
 10947.000000001808   0.0018526480007447466 
 10948.000000001808   0.0018347052489095658 
 10949.000000001806   0.0018167616291415863 
 10950.000000001808   0.0017988171415209773 
 10951.000000001808   0.0017804647369346776 
 10952.000000001808   0.0017621196868683067 
 10953.000000001808   0.0017437819914351228 
 10954.000000001808   0.0017254516507538916 
  10955.00000000181   0.0017071286649334944 
 10956.000000001808   0.0016874184733769613 
 10957.000000001808   0.0016677453038766092 
  10958.00000000181   0.0016481091566998682 
 10959.000000001812    0.001628510032117419 
  10960.00000000181   0.0016089479304089518 
 10961.000000001808   0.0015936664232987755 
  10962.00000000181   0.0015783264377814644 
 10963.000000001812    0.001562927978906679 
 10964.000000001812   0.0015474710517258852 
  10965.00000000181   0.0015319556612900535 
 10966.000000001812   0.0015160703126921424 
 10967.000000001812   0.0015001339450325655 
 10968.000000001812     0.00148414656273034 
 10969.000000001812    0.001468108170212359 
 10970.000000001812    0.001452018771881804 
 10971.000000001814   0.0014312826809528333 
 10972.000000001812   0.0014106118684887906 
 10973.000000001812   0.0013900063416673704 
 10974.000000001814   0.0013694661076655505 
 10975.000000001815   0.0013489911736625792 
 10976.000000001814   0.0013294048776779771 
 10977.000000001812   0.0013098617011074076 
 10978.000000001814   0.0012903616487670445 
 10979.000000001815   0.0012709047254726973 
 10980.000000001815   0.0012514909360562911 
 10981.000000001814   0.0012390473446313214 
 10982.000000001815   0.0012266138491721602 
 10983.000000001815   0.0012141904494784566 
 10984.000000001815    0.001201777145349812 
 10985.000000001815    0.001289039915012795 
 10986.000000001815   0.0013388754382135262 
 10987.000000001817    0.001354341253672768 
 10988.000000001815    0.001337962217975844 
 10989.000000001815   0.0012933365782761355 
 10990.000000001817                     0.0 
