# LSST_r
# photon
# LSST r version 1.7 https://github.com/lsst/throughputs
  5369.000000000538                    0.0 
  5370.000000000538  4.497834331834569e-13 
  5371.000000000539   0.000834687806699905 
  5372.000000000539  0.0016694107468486826 
  5373.000000000539   0.002504168810671472 
   5374.00000000054  0.0033389619879580093 
   5375.00000000054   0.004173790268489079 
   5376.00000000054    0.00500978682163228 
   5377.00000000054   0.005868174421069828 
   5378.00000000054   0.006726985763559167 
  5379.000000000541   0.007564231817119632 
  5380.000000000541   0.008401890776677806 
  5381.000000000541    0.00923818854363847 
  5382.000000000542   0.010074578145562963 
  5383.000000000542   0.010911059579048867 
  5384.000000000542   0.011747632840685352 
  5385.000000000542      0.012584297927094 
  5386.000000000542   0.013421071411060227 
  5387.000000000543    0.01425795010079035 
  5388.000000000543   0.015094929787629791 
  5389.000000000543   0.015954010905264965 
  5390.000000000544    0.01681318456744712 
  5391.000000000544     0.0176498600572962 
  5392.000000000544   0.018486557395498936 
  5393.000000000544   0.019323269178587125 
  5394.000000000544   0.020159987750715244 
  5395.000000000545   0.020996705330914148 
  5396.000000000545    0.02183342313038933 
  5397.000000000545    0.02267013119969355 
  5398.000000000546   0.023506819592270137 
  5399.000000000546     0.0243434785342895 
  5400.000000000546    0.02518009859436041 
  5401.000000000546   0.026037796767814283 
  5402.000000000546    0.02689538074822701 
  5403.000000000547    0.02773083439157784 
  5404.000000000547   0.028566161314188817 
  5405.000000000547   0.029401356354151222 
 5406.0000000005475    0.03022957017661025 
 5407.0000000005475     0.0310572597823788 
 5408.0000000005475    0.03188442841001554 
 5409.0000000005475   0.032711081289968864 
 5410.0000000005475   0.033537225769013204 
  5411.000000000548    0.03437329295290198 
  5412.000000000548    0.03520937883487013 
  5413.000000000548    0.03606747674570432 
  5414.000000000549   0.036925625878646264 
  5415.000000000549    0.03776186590859896 
  5416.000000000549    0.03859821436689231 
  5417.000000000549    0.03943462486341668 
  5418.000000000549    0.04027109687746417 
   5419.00000000055    0.04110763018685601 
   5420.00000000055     0.0419442249105967 
   5421.00000000055   0.043616272619803845 
  5422.000000000551    0.04528843391217516 
  5423.000000000551    0.04698269629050012 
  5424.000000000551    0.04867707851416484 
  5425.000000000551   0.050349597310557326 
  5426.000000000551    0.05203396911093512 
  5427.000000000552    0.05371916719452785 
  5428.000000000552   0.055405197971146715 
  5429.000000000552    0.05711407713070485 
  5430.000000000553   0.058823812882447195 
  5431.000000000553    0.06049336191650029 
  5432.000000000553    0.06216271427982723 
  5433.000000000553    0.06383187462631176 
  5434.000000000553    0.06550084675509235 
  5435.000000000554    0.06719164184004944 
  5436.000000000554    0.06888219373111368 
  5437.000000000554    0.07055055362818577 
  5438.000000000555      0.072218760689645 
  5439.000000000555      0.073886846169116 
  5440.000000000555    0.07555484156042758 
  5441.000000000555    0.07724921985752645 
  5442.000000000555    0.07894376315793414 
  5443.000000000556    0.08061650000491373 
  5444.000000000556    0.08228946241148212 
  5445.000000000556    0.08396267930967209 
  5446.000000000557    0.08563617835246257 
  5447.000000000557    0.08730993595109572 
  5448.000000000557    0.08898395867669076 
  5449.000000000557    0.09068025344494852 
  5450.000000000557    0.09237681494580509 
 5451.0000000005575    0.09405245707688212 
 5452.0000000005575     0.0957283759210157 
 5453.0000000005575    0.09740455422220909 
  5454.000000000558     0.0990809689357708 
  5455.000000000558    0.10077959997307741 
  5456.000000000558     0.1024784043684368 
  5457.000000000558    0.10415544737062893 
  5458.000000000558    0.10583272959440482 
  5459.000000000559    0.10751023950360965 
  5460.000000000559    0.10918796232527012 
  5461.000000000559    0.11089016632311052 
   5462.00000000056     0.1125926148079359 
   5463.00000000056    0.11427326430827224 
   5464.00000000056     0.1159541005108406 
   5465.00000000056    0.11763508988807661 
   5466.00000000056    0.11931619464760328 
  5467.000000000561    0.12101953390665424 
  5468.000000000561    0.12272308686266384 
  5469.000000000561    0.12440482715867379 
  5470.000000000562    0.12608677836082943 
  5471.000000000562    0.12778847794581302 
  5472.000000000562    0.12949089949660625 
  5473.000000000562    0.13121608497959367 
  5474.000000000562    0.13294200185466026 
  5475.000000000563    0.13464659855456804 
  5476.000000000563     0.1363211447782886 
  5477.000000000563    0.13799565676241934 
  5478.000000000564     0.1396701344865231 
  5479.000000000564    0.14136662856631751 
  5480.000000000564     0.1430630879017475 
  5481.000000000564     0.1447485394388298 
  5482.000000000564    0.14643421364549022 
  5483.000000000565    0.14812011051810103 
  5484.000000000565    0.14980623005374352 
  5485.000000000565     0.1515146299911505 
  5486.000000000566    0.15322325551603763 
  5487.000000000566    0.15491004595228908 
  5488.000000000566    0.15659705903866916 
  5489.000000000566      0.158284294772119 
  5490.000000000566    0.15997175314922274 
  5491.000000000567     0.1616742655762652 
  5492.000000000567    0.16337685092588142 
  5493.000000000567    0.16505744267387704 
 5494.0000000005675    0.16673810634670352 
 5495.0000000005675    0.16841884192388298 
 5496.0000000005675    0.17013804659612627 
 5497.0000000005675    0.17185808199305563 
 5498.0000000005675    0.17357894814242666 
  5499.000000000568    0.17532273436714488 
  5500.000000000568    0.17706736231866332 
  5501.000000000568    0.17875810197184056 
  5502.000000000569     0.1804490582604942 
  5503.000000000569    0.18214023118045758 
  5504.000000000569    0.18383162072779707 
  5505.000000000569    0.18554532878361563 
  5506.000000000569    0.18725925631100224 
   5507.00000000057    0.18895129856800685 
   5508.00000000057    0.19064355743598432 
   5509.00000000057    0.19233603291080523 
  5510.000000000571    0.19402872498858784 
  5511.000000000571    0.19574177359595177 
  5512.000000000571    0.19745500719494613 
  5513.000000000571    0.19914631315071565 
  5514.000000000571    0.20083780167441173 
  5515.000000000572    0.20252947275719144 
  5516.000000000572    0.20422132639070625 
  5517.000000000572    0.20593548000617137 
  5518.000000000573     0.2076498185618303 
  5519.000000000573        0.2093422222033 
  5520.000000000573     0.2110348083613371 
  5521.000000000573    0.21271849963381034 
  5522.000000000573    0.21440222926662744 
  5523.000000000574    0.21610811906228553 
  5524.000000000574    0.21781404768871748 
  5525.000000000574    0.21949789277801934 
  5526.000000000575    0.22118177613273643 
  5527.000000000575    0.22286569772909054 
  5528.000000000575    0.22454965754358777 
  5529.000000000575    0.22625577892940618 
  5530.000000000575    0.22796193900267636 
  5531.000000000576    0.22964054458312366 
  5532.000000000576    0.23131910774592704 
  5533.000000000576    0.23299762845758798 
  5534.000000000577    0.23467610668490702 
  5535.000000000577    0.23637666468429228 
  5536.000000000577    0.23807717959318467 
  5537.000000000577    0.23975552962770677 
  5538.000000000577    0.24143383704432111 
 5539.0000000005775     0.2431121018093169 
 5540.0000000005775    0.24479032388929348 
 5541.0000000005775    0.24649884559969013 
  5542.000000000578    0.24820743783654634 
  5543.000000000578     0.2498939782279519 
  5544.000000000578    0.25158058815199535 
  5545.000000000578     0.2532672675797526 
  5546.000000000578     0.2550115032942788 
  5547.000000000579     0.2567565691378038 
  5548.000000000579     0.2585024651282937 
  5549.000000000579     0.2602713363810199 
   5550.00000000058    0.26204104872621237 
   5551.00000000058    0.26375943770760735 
   5552.00000000058     0.2654782752657794 
   5553.00000000058    0.26719756144760737 
   5554.00000000058    0.26891729629968414 
  5555.000000000581     0.2706596450993837 
  5556.000000000581    0.27240244853434237 
  5557.000000000581     0.2741235355473399 
  5558.000000000582     0.2758450714157716 
  5559.000000000582     0.2775670561869057 
  5560.000000000582     0.2792894899063529 
  5561.000000000582     0.2809426876788725 
  5562.000000000582     0.2825952157911075 
  5563.000000000583     0.2842249071775121 
  5564.000000000583     0.2858539373457239 
  5565.000000000583     0.2874823062029116 
  5566.000000000584    0.28917521663512274 
  5567.000000000584     0.2908903887483857 
  5568.000000000584     0.2926056641778963 
  5569.000000000584     0.2942988818383886 
  5570.000000000584     0.2959922014068386 
  5571.000000000585     0.2976989716289167 
  5572.000000000585     0.2994059962985425 
  5573.000000000585     0.3011354421778164 
  5574.000000000586    0.30286514585507374 
  5575.000000000586     0.3045729372244122 
  5576.000000000586    0.30628098304796464 
  5577.000000000586     0.3079892833273237 
  5578.000000000586       0.30969783806483 
  5579.000000000587    0.31142882406287586 
  5580.000000000587     0.3131600678692938 
  5581.000000000587     0.3148528923458007 
 5582.0000000005875     0.3165457929079137 
 5583.0000000005875     0.3182387695306961 
 5584.0000000005875     0.3199318221869836 
 5585.0000000005875    0.32164713188293054 
 5586.0000000005875     0.3233625185831364 
  5587.000000000588     0.3250558002081808 
  5588.000000000588    0.32674915776351104 
  5589.000000000588     0.3284425912231205 
  5590.000000000589     0.3301361005614196 
  5591.000000000589    0.33185876089214755 
  5592.000000000589    0.33358156990474785 
  5593.000000000589    0.33528234108967714 
  5594.000000000589     0.3369832589903943 
   5595.00000000059     0.3386843235935694 
   5596.00000000059    0.34030878504876017 
   5597.00000000059     0.3419326259409075 
  5598.000000000591     0.3435558461580711 
  5599.000000000591      0.345200617894187 
  5600.000000000591    0.34684476066317216 
  5601.000000000591    0.34853236428432294 
  5602.000000000591    0.35021999166743517 
  5603.000000000592     0.3519076427638087 
  5604.000000000592     0.3535953175239397 
  5605.000000000592     0.3553051850614733 
  5606.000000000593     0.3570150765200618 
  5607.000000000593     0.3587028223298577 
  5608.000000000593     0.3603905916053842 
  5609.000000000593     0.3620783842971609 
  5610.000000000593      0.363766200355727 
  5611.000000000594     0.3654734712289146 
  5612.000000000594      0.367180741467069 
  5613.000000000594    0.36886584095495295 
  5614.000000000595    0.37055093972439684 
  5615.000000000595     0.3722360377439508 
  5616.000000000595     0.3738367284071804 
  5617.000000000595    0.37545881760709277 
  5618.000000000595     0.3770801352108823 
  5619.000000000596    0.37867853106199145 
  5620.000000000596    0.38027616524559543 
  5621.000000000596     0.3819802967321838 
  5622.000000000597    0.38368461330197673 
  5623.000000000597    0.38541126374476514 
  5624.000000000597     0.3871381016952305 
  5625.000000000597     0.3888429758967162 
  5626.000000000597     0.3905480351375726 
 5627.0000000005975     0.3920538961743145 
 5628.0000000005975     0.3935599202124352 
 5629.0000000005975    0.39442357922366933 
  5630.000000000598    0.39528733028514795 
  5631.000000000598     0.3961545493207891 
  5632.000000000598     0.3970218748455216 
  5633.000000000598    0.39788930685398444 
  5634.000000000598     0.3987568453417579 
  5635.000000000599     0.3996244903039556 
  5636.000000000599     0.4004922417357066 
  5637.000000000599    0.40138226687546047 
    5638.0000000006     0.4022724012983325 
    5639.0000000006     0.4031404749336262 
    5640.0000000006     0.4040086550193026 
    5641.0000000006    0.40481786738237635 
    5642.0000000006    0.40562691940940604 
  5643.000000000601      0.406435810961918 
  5644.000000000601     0.4072445419023789 
  5645.000000000601    0.40805311209232537 
  5646.000000000602    0.40895404493292564 
  5647.000000000602     0.4098552245209565 
  5648.000000000602    0.41075665088515095 
  5649.000000000602     0.4116583240547292 
  5650.000000000602    0.41256024405939407 
  5651.000000000603     0.4134466139473123 
  5652.000000000603    0.41433307187573215 
  5653.000000000603     0.4151974361144855 
  5654.000000000604     0.4160618860766213 
  5655.000000000604     0.4169264217532456 
  5656.000000000604    0.41779104313547105 
  5657.000000000604    0.41865575021342405 
  5658.000000000604     0.4195205429782226 
  5659.000000000605    0.42038542142049173 
  5660.000000000605     0.4212503855308811 
  5661.000000000605    0.42214976845927044 
  5662.000000000606     0.4230493796333184 
  5663.000000000606    0.42332765775355163 
  5664.000000000606    0.42360599876342814 
  5665.000000000606    0.42366235740881913 
  5666.000000000606    0.42371871987743626 
  5667.000000000607      0.423775086168565 
  5668.000000000607    0.42383145628299806 
  5669.000000000607    0.42388783022152854 
 5670.0000000006075      0.423944207983913 
 5671.0000000006075    0.42394877543745957 
 5672.0000000006075    0.42395334021239856 
 5673.0000000006075    0.42395790230924063 
 5674.0000000006075    0.42396246172899943 
  5675.000000000608     0.4239670184721859 
  5676.000000000608     0.4239715725388088 
  5677.000000000608    0.42397612393038414 
  5678.000000000609     0.4239806726469203 
  5679.000000000609     0.4239852186894316 
  5680.000000000609     0.4239897620583046 
  5681.000000000609     0.4237908048969101 
  5682.000000000609    0.42359189958570037 
   5683.00000000061    0.42339304612475265 
   5684.00000000061    0.42319424451464144 
   5685.00000000061    0.42299549475593756 
  5686.000000000611    0.42279679684920807 
  5687.000000000611     0.4225981507945149 
  5688.000000000611     0.4223995565929179 
  5689.000000000611    0.42220101424447165 
  5690.000000000611     0.4220025237498651 
  5691.000000000612    0.42202925753159953 
  5692.000000000612     0.4220559896152268 
  5693.000000000612     0.4220827200008945 
  5694.000000000613     0.4221094486887513 
  5695.000000000613     0.4221361756789442 
  5696.000000000613     0.4221629009726247 
  5697.000000000613     0.4221896245689382 
  5698.000000000613     0.4222163464685346 
  5699.000000000614    0.42224306667206435 
  5700.000000000614    0.42226978517923597 
  5701.000000000614     0.4223973057210003 
  5702.000000000615     0.4225248406788418 
  5703.000000000615     0.4226523900523282 
  5704.000000000615     0.4227799538425326 
  5705.000000000615     0.4229075320499675 
  5706.000000000615    0.42293932867705325 
  5707.000000000616    0.42297112531776604 
  5708.000000000616     0.4230029219728731 
  5709.000000000616    0.42303471864264064 
  5710.000000000617    0.42306651532733464 
  5711.000000000617    0.42309887994107515 
  5712.000000000617    0.42313124428696447 
  5713.000000000617     0.4231636083637525 
  5714.000000000617     0.4231959721726979 
  5715.000000000618     0.4232283357145579 
  5716.000000000618      0.423260698988584 
  5717.000000000618     0.4232930619960356 
 5718.0000000006185     0.4233254247366669 
 5719.0000000006185    0.42335778721123524 
 5720.0000000006185     0.4233901494195005 
 5721.0000000006185     0.4234319041058243 
 5722.0000000006185     0.4234736600667925 
  5723.000000000619    0.42351541730316933 
  5724.000000000619    0.42355717581471597 
  5725.000000000619     0.4235989356021975 
   5726.00000000062     0.4236406966658771 
   5727.00000000062     0.4236824590060186 
   5728.00000000062     0.4237242226233873 
   5729.00000000062    0.42376598751774525 
   5730.00000000062     0.4238077536899066 
  5731.000000000621    0.42392694304918244 
  5732.000000000621    0.42404614191456946 
  5733.000000000621    0.42416535028699187 
  5734.000000000622    0.42428456816486193 
  5735.000000000622     0.4244037955485425 
  5736.000000000622     0.4244270082282219 
  5737.000000000622    0.42445021990991677 
  5738.000000000622    0.42447343059394044 
  5739.000000000623    0.42449664028161044 
  5740.000000000623    0.42451984897223904 
  5741.000000000623    0.42455180386409175 
  5742.000000000624     0.4245837580547119 
  5743.000000000624    0.42461571154377786 
  5744.000000000624     0.4246476643319724 
  5745.000000000624    0.42467961641897295 
  5746.000000000624    0.42471156780596725 
  5747.000000000625     0.4247435184921296 
  5748.000000000625    0.42477546847864706 
  5749.000000000625    0.42480741776570136 
  5750.000000000626     0.4248393663530018 
  5751.000000000626     0.4249215665692579 
  5752.000000000626     0.4250037565468008 
  5753.000000000626    0.42508593628520364 
  5754.000000000626     0.4251681057820272 
  5755.000000000627    0.42525026503527596 
  5756.000000000627    0.42523631544184837 
  5757.000000000627    0.42522236190867096 
  5758.000000000628    0.42520840443720975 
  5759.000000000628    0.42519444302792403 
  5760.000000000628     0.4251804776823892 
  5761.000000000628     0.4253415015961375 
  5762.000000000628    0.42550256114933904 
 5763.0000000006285    0.42566365634765274 
 5764.0000000006285    0.42582478719522787 
 5765.0000000006285     0.4259859536981671 
  5766.000000000629     0.4260509818239074 
  5767.000000000629     0.4261160162532555 
  5768.000000000629     0.4261810569873309 
  5769.000000000629    0.42624610402674923 
  5770.000000000629     0.4263111573716478 
   5771.00000000063    0.42641593235583813 
   5772.00000000063    0.42652070756509447 
   5773.00000000063    0.42662548299714087 
  5774.000000000631     0.4267302586502052 
  5775.000000000631     0.4268350345219506 
  5776.000000000631     0.4268435662892493 
  5777.000000000631    0.42685209442557676 
  5778.000000000631    0.42686061893134725 
  5779.000000000632    0.42686913980747926 
  5780.000000000632    0.42687765705446995 
  5781.000000000632    0.42701531148066457 
  5782.000000000633      0.427152985780048 
  5783.000000000633     0.4272906799529655 
  5784.000000000633    0.42742839400076965 
  5785.000000000633    0.42756612792525556 
  5786.000000000633     0.4276075737147571 
  5787.000000000634       0.42764902071345 
  5788.000000000634    0.42769046892110035 
  5789.000000000634    0.42773191833797886 
  5790.000000000635    0.42777336896541696 
  5791.000000000635       0.42789788018344 
  5792.000000000635     0.4280224032709044 
  5793.000000000635     0.4281469382278137 
  5794.000000000635     0.4282714850541707 
  5795.000000000636    0.42839604374840407 
  5796.000000000636      0.428424230907984 
  5797.000000000636     0.4284524172537316 
  5798.000000000637    0.42848060278593725 
  5799.000000000637    0.42850878750489113 
  5800.000000000637    0.42853697141139085 
  5801.000000000637     0.4285696061503428 
  5802.000000000637    0.42860224048432216 
  5803.000000000638    0.42863487441356013 
  5804.000000000638     0.4286675079382871 
  5805.000000000638    0.42870014105879595 
 5806.0000000006385     0.4288292265927532 
 5807.0000000006385     0.4289583264061636 
 5808.0000000006385    0.42908744049823405 
 5809.0000000006385    0.42921656886968657 
 5810.0000000006385     0.4293457115201684 
  5811.000000000639    0.42937392067574165 
  5812.000000000639    0.42940212902207553 
  5813.000000000639    0.42943033655895674 
   5814.00000000064    0.42945854328667815 
   5815.00000000064    0.42948674920660307 
   5816.00000000064     0.4296114745330281 
   5817.00000000064    0.42973621172734744 
   5818.00000000064    0.42986096079006875 
  5819.000000000641      0.429985721720689 
  5820.000000000641     0.4301104945191546 
  5821.000000000641     0.4301473051733614 
  5822.000000000642    0.43018411527228384 
  5823.000000000642     0.4302209248150551 
  5824.000000000642    0.43025773380282933 
  5825.000000000642    0.43029454223581304 
  5826.000000000642     0.4304279452542003 
  5827.000000000643    0.43056136424215913 
  5828.000000000643     0.4306947991987008 
  5829.000000000643    0.43082825012485715 
  5830.000000000644     0.4309617170195563 
  5831.000000000644     0.4309659082247332 
  5832.000000000644     0.4309700957189455 
  5833.000000000644     0.4309742795032217 
  5834.000000000644     0.4309784595785918 
  5835.000000000645     0.4309826359445685 
  5836.000000000645    0.43098645345301984 
  5837.000000000645    0.43099003893353915 
  5838.000000000646     0.4309935104759028 
  5839.000000000646     0.4309969774238682 
  5840.000000000646     0.4310005403787861 
  5841.000000000646     0.4310694463825308 
  5842.000000000646    0.43113863477838055 
  5843.000000000647    0.43120818009270795 
  5844.000000000647      0.431278148145209 
  5845.000000000647    0.43134859604575526 
  5846.000000000648    0.43151594756836914 
  5847.000000000648     0.4316836702002873 
  5848.000000000648    0.43185191329502903 
  5849.000000000648    0.43202080890626054 
  5850.000000000648    0.43219047175045505 
 5851.0000000006485     0.4321888405358004 
 5852.0000000006485     0.4321881048233927 
 5853.0000000006485     0.4321883259722534 
  5854.000000000649     0.4321895478051741 
  5855.000000000649     0.4321917966072785 
  5856.000000000649    0.43219525919992163 
  5857.000000000649    0.43219986320126114 
  5858.000000000649      0.432205523080594 
   5859.00000000065     0.4322121401570666 
   5860.00000000065    0.43221960260117664 
   5861.00000000065     0.4322811870714491 
  5862.000000000651    0.43234336559900355 
  5863.000000000651     0.4324059870530891 
  5864.000000000651    0.43246888706300485 
  5865.000000000651     0.4325318880082228 
  5866.000000000651    0.43259462081071776 
  5867.000000000652      0.432657437441872 
  5868.000000000652    0.43272032477992245 
  5869.000000000652      0.432783260918156 
  5870.000000000653       0.43284621515688 
  5871.000000000653    0.43278260542519553 
  5872.000000000653    0.43271890313732025 
  5873.000000000653     0.4326550513018535 
  5874.000000000653     0.4325909841875741 
  5875.000000000654     0.4325266273316028 
  5876.000000000654     0.4323650893367173 
  5877.000000000654     0.4322036783595086 
  5878.000000000655     0.4320423788775694 
  5879.000000000655    0.43188117977287094 
  5880.000000000655    0.43172007432274984 
  5881.000000000655     0.4314915822432288 
  5882.000000000655      0.431263136620764 
  5883.000000000656     0.4310347437979936 
  5884.000000000656     0.4308064144762842 
  5885.000000000656     0.4305781637015491 
  5886.000000000657     0.4304481749335042 
  5887.000000000657    0.43031877423842024 
  5888.000000000657    0.43018956398312647 
  5889.000000000657     0.4300601732043086 
  5890.000000000657    0.42993025756540554 
  5891.000000000658    0.42996497446855886 
  5892.000000000658      0.429998606950724 
  5893.000000000658    0.43003088877623535 
 5894.0000000006585     0.4300615798168367 
 5895.0000000006585     0.4300904660631924 
 5896.0000000006585    0.43002033504537296 
 5897.0000000006585    0.42994839682155217 
 5898.0000000006585    0.42987453026105404 
  5899.000000000659     0.4297986492061295 
  5900.000000000659     0.4297207024394802 
  5901.000000000659    0.42994711178086625 
   5902.00000000066     0.4301714935190161 
   5903.00000000066     0.4303938967977148 
   5904.00000000066    0.43061440581991234 
   5905.00000000066     0.4308331399422924 
   5906.00000000066      0.431050076262186 
  5907.000000000661    0.43126522246449334 
  5908.000000000661    0.43147879019843727 
  5909.000000000661    0.43169101782699926 
  5910.000000000662     0.4319021704865085 
  5911.000000000662     0.4318008853723825 
  5912.000000000662     0.4316991241745842 
  5913.000000000662     0.4315972330112061 
  5914.000000000662    0.43149558395101334 
  5915.000000000663      0.431394574984133 
  5916.000000000663    0.43119753771295505 
  5917.000000000663      0.431000657276016 
  5918.000000000664     0.4308039181693908 
  5919.000000000664    0.43060730928773056 
  5920.000000000664     0.4304108239125129 
  5921.000000000664     0.4304700315086158 
  5922.000000000664    0.43052936802843594 
  5923.000000000665    0.43058884008439646 
  5924.000000000665     0.4306484586602596 
  5925.000000000665    0.43070823911819095 
  5926.000000000666    0.43105989243269044 
  5927.000000000666    0.43141135853684676 
  5928.000000000666     0.4317627111949605 
  5929.000000000666     0.4321140156501812 
  5930.000000000666    0.43246532858966913 
  5931.000000000667      0.432574229143842 
  5932.000000000667     0.4326831434136391 
  5933.000000000667    0.43279210211958985 
  5934.000000000668     0.4329011272349377 
  5935.000000000668    0.43301023197087984 
  5936.000000000668    0.43282645423101584 
  5937.000000000668    0.43264252876254644 
  5938.000000000668    0.43245875192038385 
 5939.0000000006685     0.4322753976457656 
 5940.0000000006685    0.43209271750932154 
 5941.0000000006685    0.43171696897195727 
  5942.000000000669    0.43134231667263173 
  5943.000000000669    0.43096894359856763 
  5944.000000000669    0.43059701026383734 
  5945.000000000669    0.43022665480462513 
  5946.000000000669     0.4304423467227392 
   5947.00000000067     0.4306594148775028 
   5948.00000000067     0.4308779837544166 
   5949.00000000067     0.4310981431059236 
  5950.000000000671    0.43131994786361355 
  5951.000000000671     0.4316211504600511 
  5952.000000000671    0.43192398832422874 
  5953.000000000671     0.4322284122347649 
  5954.000000000671     0.4325343377236089 
  5955.000000000672     0.4328416449531063 
  5956.000000000672     0.4329553760248309 
  5957.000000000672    0.43307073487883957 
  5958.000000000673    0.43318757989036694 
  5959.000000000673     0.4333057473162434 
  5960.000000000673    0.43342505126433417 
  5961.000000000673    0.43347143340303323 
  5962.000000000673    0.43351850683573756 
  5963.000000000674     0.4335660188062447 
  5964.000000000674    0.43361369446764136 
  5965.000000000674    0.43366123687195884 
  5966.000000000675    0.43361057616002374 
  5967.000000000675     0.4335599734782696 
  5968.000000000675    0.43350941561762446 
  5969.000000000675    0.43345888058413934 
  5970.000000000675    0.43340833760516057 
  5971.000000000676     0.4334568366772206 
  5972.000000000676    0.43350526193673317 
  5973.000000000676     0.4335535562143238 
  5974.000000000677     0.4336016535211383 
  5975.000000000677      0.433649479044726 
  5976.000000000677     0.4337948073148874 
  5977.000000000677     0.4339403176780266 
  5978.000000000677     0.4340859948740918 
  5979.000000000678     0.4342318280287675 
  5980.000000000678     0.4343778106589675 
  5981.000000000678    0.43442087806331176 
 5982.0000000006785    0.43446407225620076 
 5983.0000000006785    0.43450739988199405 
 5984.0000000006785    0.43455087199691644 
 5985.0000000006785     0.4345945040701375 
 5986.0000000006785    0.43463938978819755 
  5987.000000000679     0.4346849228409352 
  5988.000000000679     0.4347307021933041 
  5989.000000000679    0.43477635311903956 
   5990.00000000068     0.4348215272164333 
   5991.00000000068     0.4349586059150335 
   5992.00000000068     0.4350946057426978 
   5993.00000000068     0.4352292564750818 
   5994.00000000068     0.4353623140629013 
  5995.000000000681    0.43549356067761363 
  5996.000000000681     0.4355251133190536 
  5997.000000000681     0.4355548481791469 
  5998.000000000682     0.4355826412340009 
  5999.000000000682    0.43560840378746796 
  6000.000000000682    0.43563208248181556 
  6001.000000000682     0.4357523316323039 
  6002.000000000682    0.43587050577630126 
  6003.000000000683    0.43598665625939226 
  6004.000000000683     0.4361008698835737 
  6005.000000000683     0.4362132689519536 
  6006.000000000684    0.43622591337285843 
  6007.000000000684      0.436236725723546 
  6008.000000000684     0.4362459225946169 
  6009.000000000684    0.43625374716313414 
  6010.000000000684     0.4362604691895509 
  6011.000000000685     0.4362939759110345 
  6012.000000000685     0.4363270018958712 
  6013.000000000685    0.43635989662966157 
  6014.000000000686    0.43639303627937687 
  6015.000000000686     0.4364268237056882 
  6016.000000000686    0.43646186823672545 
  6017.000000000686     0.4364970718607442 
  6018.000000000686    0.43653241912144736 
  6019.000000000687     0.4365678989860906 
  6020.000000000687    0.43660350485102145 
  6021.000000000687     0.4367290013961375 
  6022.000000000688     0.4368546352967075 
  6023.000000000688    0.43698041331927767 
  6024.000000000688     0.4371063466723184 
  6025.000000000688    0.43723245101180747 
  6026.000000000688     0.4372603458259016 
 6027.0000000006885     0.4372879630930763 
 6028.0000000006885    0.43731537813926874 
 6029.0000000006885    0.43734265744067363 
  6030.000000000689    0.43736985862073796 
  6031.000000000689     0.4373723432960564 
  6032.000000000689    0.43737483638834834 
  6033.000000000689    0.43737736893857215 
  6034.000000000689    0.43737996311731403 
   6035.00000000069     0.4373826322241246 
   6036.00000000069     0.4374830887142903 
   6037.00000000069     0.4375836385155655 
  6038.000000000691     0.4376844615499427 
  6039.000000000691    0.43778572459029563 
  6040.000000000691    0.43788758124634314 
  6041.000000000691    0.43790184075899713 
  6042.000000000691     0.4379169599319647 
  6043.000000000692     0.4379330522084243 
  6044.000000000692     0.4379502177294029 
  6045.000000000692     0.4379685433300697 
  6046.000000000693     0.4380861961792424 
  6047.000000000693    0.43820490271363466 
  6048.000000000693     0.4383246371339274 
  6049.000000000693    0.43844535582128724 
  6050.000000000693    0.43856699731337895 
  6051.000000000694    0.43858659744079326 
  6052.000000000694     0.4386069309389259 
  6053.000000000694    0.43862788221951243 
  6054.000000000695     0.4386493178697205 
  6055.000000000695     0.4386710866486599 
  6056.000000000695     0.4387911610929095 
  6057.000000000695    0.43891172206022216 
  6058.000000000695      0.439032712023266 
  6059.000000000696    0.43915406448072986 
  6060.000000000696     0.4392757039405633 
  6061.000000000696    0.43929914514553414 
  6062.000000000697     0.4393226854740314 
  6063.000000000697     0.4393462223943673 
  6064.000000000697    0.43936964443604337 
  6065.000000000697     0.4393928311860115 
  6066.000000000697     0.4395138467295605 
  6067.000000000698     0.4396348698831604 
  6068.000000000698    0.43975590064397097 
  6069.000000000698       0.43987693901069 
 6070.0000000006985    0.43999798498246834 
 6071.0000000006985     0.4400311709555326 
 6072.0000000006985    0.44006435609448064 
 6073.0000000006985     0.4400975403995618 
 6074.0000000006985     0.4401307238705126 
  6075.000000000699     0.4401639065086773 
  6076.000000000699    0.44029534659141356 
  6077.000000000699    0.44042680065403705 
    6078.0000000007    0.44055826869589215 
    6079.0000000007     0.4406897507173492 
    6080.0000000007     0.4408212467171739 
    6081.0000000007    0.44085893847568985 
    6082.0000000007    0.44089663016628294 
  6083.000000000701    0.44093432179022796 
  6084.000000000701    0.44097201334674707 
  6085.000000000701     0.4410097048371845 
  6086.000000000702    0.44114573458772993 
  6087.000000000702     0.4412817810795662 
  6088.000000000702      0.441417844313574 
  6089.000000000702     0.4415539242890931 
  6090.000000000702     0.4416900210064171 
  6091.000000000703    0.44172191202243294 
  6092.000000000703     0.4417538008850143 
  6093.000000000703     0.4417856875927821 
  6094.000000000704     0.4418175721469253 
  6095.000000000704    0.44184945454716074 
  6096.000000000704     0.4419797493448488 
  6097.000000000704     0.4421100561885838 
  6098.000000000704    0.44224037507673386 
  6099.000000000705     0.4423707060081814 
  6100.000000000705    0.44250104898180564 
  6101.000000000705     0.4426276984227885 
  6102.000000000706    0.44275435862421414 
  6103.000000000706     0.4428810295847788 
  6104.000000000706     0.4430077113042058 
  6105.000000000706    0.44313440378060726 
  6106.000000000706     0.4431626264302272 
  6107.000000000707    0.44319084729274894 
  6108.000000000707     0.4432190663689308 
  6109.000000000707    0.44324728365798943 
  6110.000000000708    0.44327549916076003 
  6111.000000000708     0.4434118139249385 
  6112.000000000708    0.44354814542774107 
  6113.000000000708     0.4436844936705624 
  6114.000000000708     0.4438208586532536 
 6115.0000000007085    0.44395724037559586 
 6116.0000000007085     0.4439950827713868 
 6117.0000000007085    0.44403292510666603 
  6118.000000000709    0.44407076738271484 
  6119.000000000709    0.44410860959978593 
  6120.000000000709    0.44414645175716533 
  6121.000000000709     0.4442730003410594 
  6122.000000000709    0.44439955970014033 
   6123.00000000071    0.44452612983324247 
   6124.00000000071    0.44465271074022883 
   6125.00000000071    0.44477930241986313 
  6126.000000000711    0.44480727798053515 
  6127.000000000711    0.44483525190722356 
  6128.000000000711    0.44486322419969976 
  6129.000000000711     0.4448911948582482 
  6130.000000000711     0.4449191638837543 
  6131.000000000712     0.4450652522798213 
  6132.000000000712     0.4452113627968001 
  6133.000000000712     0.4453574954352927 
  6134.000000000713    0.44550365019693106 
  6135.000000000713    0.44564982708128614 
  6136.000000000713    0.44579602609050567 
  6137.000000000713    0.44594224722519044 
  6138.000000000713    0.44608849048594196 
  6139.000000000714      0.446234755873877 
  6140.000000000714     0.4463810433900271 
  6141.000000000714     0.4464090915618022 
  6142.000000000715    0.44643713801094626 
  6143.000000000715    0.44646518273669694 
  6144.000000000715    0.44649322573984007 
  6145.000000000715     0.4465212670207152 
  6146.000000000715    0.44664810067383376 
  6147.000000000716      0.446774945011454 
  6148.000000000716     0.4469018000318151 
  6149.000000000716    0.44702866573470423 
  6150.000000000717     0.4471555421187908 
  6151.000000000717    0.44716304664580814 
  6152.000000000717     0.4471705461459983 
  6153.000000000717     0.4471780406192502 
  6154.000000000717    0.44718553006700024 
  6155.000000000718     0.4471930144892088 
  6156.000000000718    0.44729932272450995 
  6157.000000000718    0.44740562923852173 
 6158.0000000007185     0.4475119340279432 
 6159.0000000007185    0.44761823708998844 
 6160.0000000007185     0.4477245384223505 
 6161.0000000007185     0.4477774507508277 
 6162.0000000007185    0.44783036530262627 
  6163.000000000719    0.44788328207854833 
  6164.000000000719    0.44793620107836385 
  6165.000000000719    0.44798912230191507 
   6166.00000000072    0.44814095127934667 
   6167.00000000072    0.44829280584740516 
   6168.00000000072    0.44844468600902143 
   6169.00000000072     0.4485965917655773 
   6170.00000000072     0.4487485231183649 
  6171.000000000721    0.44877659057580255 
  6172.000000000721     0.4488046564003394 
  6173.000000000721    0.44883272059278134 
  6174.000000000722     0.4488607831523857 
  6175.000000000722     0.4488888440805472 
  6176.000000000722     0.4490158927706012 
  6177.000000000722    0.44914295220341904 
  6178.000000000722     0.4492700223773136 
  6179.000000000723    0.44939710329163063 
  6180.000000000723     0.4495241949461498 
  6181.000000000723     0.4495373108067674 
  6182.000000000724    0.44955042194427675 
  6183.000000000724     0.4495635283586377 
  6184.000000000724     0.4495766300503272 
  6185.000000000724     0.4495897270193051 
  6186.000000000724     0.4496028192670821 
  6187.000000000725    0.44961590679310176 
  6188.000000000725     0.4496289895983583 
  6189.000000000725    0.44964206768332876 
  6190.000000000726     0.4496551410480572 
  6191.000000000726    0.44978309093352054 
  6192.000000000726    0.44991105223507766 
  6193.000000000726     0.4500390249523083 
  6194.000000000726    0.45016700908427376 
  6195.000000000727     0.4502950046304818 
  6196.000000000727      0.450323930417459 
  6197.000000000727    0.45035285488962495 
  6198.000000000728    0.45038177804678103 
  6199.000000000728     0.4504106998897623 
  6200.000000000728     0.4504396204184414 
  6201.000000000728     0.4505668251655617 
  6202.000000000728      0.450694040555821 
 6203.0000000007285    0.45082126658797167 
 6204.0000000007285     0.4509485032607638 
 6205.0000000007285     0.4510757505739117 
  6206.000000000729    0.45110386481986053 
  6207.000000000729     0.4511319773467007 
  6208.000000000729     0.4511600881552251 
  6209.000000000729    0.45118819724519277 
  6210.000000000729     0.4512163046169044 
   6211.00000000073     0.4512786483244537 
   6212.00000000073     0.4513409964441433 
   6213.00000000073     0.4514033489769221 
  6214.000000000731     0.4514657059227045 
  6215.000000000731      0.451528067283031 
  6216.000000000731    0.45168968370141416 
  6217.000000000731     0.4518513319501055 
  6218.000000000731     0.4520130120320532 
  6219.000000000732    0.45217472395072356 
  6220.000000000732    0.45233646770843894 
  6221.000000000732     0.4523498522272357 
  6222.000000000733     0.4523632333813252 
  6223.000000000733     0.4523766111706647 
  6224.000000000733    0.45238998559572907 
  6225.000000000733    0.45240335665810333 
  6226.000000000733     0.4525160474574243 
  6227.000000000734    0.45262874076202175 
  6228.000000000734    0.45274143657027727 
  6229.000000000734      0.452854134880053 
  6230.000000000735    0.45296683568965423 
  6231.000000000735    0.45297527475498534 
  6232.000000000735    0.45298370882972033 
  6233.000000000735    0.45299213791448534 
  6234.000000000735     0.4530005620093872 
  6235.000000000736    0.45300898111505145 
  6236.000000000736     0.4530170219278573 
  6237.000000000736     0.4530248177533963 
  6238.000000000737    0.45303249271156837 
  6239.000000000737    0.45304016173756884 
  6240.000000000737     0.4530479305774504 
  6241.000000000737     0.4531905252400458 
  6242.000000000737     0.4533334286825638 
  6243.000000000738     0.4534767194127314 
  6244.000000000738    0.45362046683163754 
  6245.000000000738    0.45376473121843025 
 6246.0000000007385    0.45380977912204706 
 6247.0000000007385    0.45385517655530766 
 6248.0000000007385    0.45390108019021463 
 6249.0000000007385    0.45394762833740715 
 6250.0000000007385     0.4539949409392969 
  6251.000000000739    0.45403214924279306 
  6252.000000000739     0.4540703042621779 
  6253.000000000739     0.4541094707124294 
   6254.00000000074     0.4541496949018651 
   6255.00000000074     0.4541910047259864 
   6256.00000000074    0.45433310033736946 
   6257.00000000074      0.454476421648644 
   6258.00000000074    0.45462087979608656 
  6259.000000000741     0.4547663719719044 
  6260.000000000741    0.45491278140035046 
  6261.000000000741     0.4549663506189143 
  6262.000000000742    0.45502054151313476 
  6263.000000000742    0.45507519498180105 
  6264.000000000742    0.45513013800676877 
  6265.000000000742    0.45518518364420746 
  6266.000000000742     0.4551403286189394 
  6267.000000000743      0.455095534205303 
  6268.000000000743    0.45505078654230907 
  6269.000000000743     0.4550060625453246 
  6270.000000000744    0.45496132991205424 
  6271.000000000744     0.4540893104295342 
  6272.000000000744     0.4532171106577637 
  6273.000000000744    0.45234467144679047 
  6274.000000000744      0.451471924951931 
  6275.000000000745    0.45059879472118686 
  6276.000000000745     0.4492269046557072 
  6277.000000000745     0.4478550282616307 
  6278.000000000746    0.44648314819615087 
  6279.000000000746     0.4451112518247665 
  6280.000000000746     0.4437393311580648 
  6281.000000000746     0.4442948521771267 
  6282.000000000746     0.4448506329068727 
  6283.000000000747     0.4454066806126965 
  6284.000000000747    0.44596300711854364 
  6285.000000000747    0.44651962883632307 
  6286.000000000748    0.44737705369228836 
  6287.000000000748     0.4482353594758876 
  6288.000000000748     0.4490941355388446 
  6289.000000000748    0.44995299546665624 
  6290.000000000748     0.4508115773346892 
 6291.0000000007485    0.45083739315729965 
 6292.0000000007485     0.4508620706183245 
 6293.0000000007485    0.45088533065056013 
  6294.000000000749     0.4509069215863654 
  6295.000000000749      0.450926619167225 
  6296.000000000749    0.45104428918269834 
  6297.000000000749    0.45116008260386703 
  6298.000000000749     0.4512738698745501 
   6299.00000000075     0.4513855579470833 
   6300.00000000075    0.45149509033170016 
   6301.00000000075     0.4518966191961101 
  6302.000000000751    0.45229598599593296 
  6303.000000000751     0.4526932400691073 
  6304.000000000751     0.4530884677255246 
  6305.000000000751     0.4534817924062216 
  6306.000000000751    0.45377330388642084 
  6307.000000000752    0.45406289668150424 
  6308.000000000752    0.45435079286266805 
  6309.000000000752    0.45463724276178974 
  6310.000000000753      0.454922525050236 
  6311.000000000753     0.4551176609145682 
  6312.000000000753    0.45531228764494874 
  6313.000000000753     0.4555067695283706 
  6314.000000000753     0.4557014992284732 
  6315.000000000754    0.45589689784293963 
  6316.000000000754    0.45609360281623473 
  6317.000000000754    0.45629046772544746 
  6318.000000000755    0.45648747657763356 
  6319.000000000755     0.4566846179871341 
  6320.000000000755    0.45688188518257133 
  6321.000000000755      0.457102890325423 
  6322.000000000755     0.4573240442067118 
  6323.000000000756     0.4575453539863411 
  6324.000000000756    0.45776683148209946 
  6325.000000000756    0.45798849318110135 
  6326.000000000757     0.4581100897179984 
  6327.000000000757     0.4582314041387008 
  6328.000000000757     0.4583525152164239 
  6329.000000000757     0.4584734925107101 
  6330.000000000757    0.45859439635443555 
  6331.000000000758     0.4587279057748777 
  6332.000000000758    0.45886144066164375 
  6333.000000000758    0.45899503359855964 
 6334.0000000007585     0.4591287078946705 
 6335.0000000007585     0.4592624775728102 
 6336.0000000007585    0.45939596885396516 
 6337.0000000007585    0.45952957358597585 
 6338.0000000007585    0.45966348074555363 
  6339.000000000759     0.4597978655437104 
  6340.000000000759    0.45993288941089405 
  6341.000000000759    0.45991135951780493 
   6342.00000000076    0.45989073141400616 
   6343.00000000076     0.4598711240116998 
   6344.00000000076     0.4598526422157488 
   6345.00000000076    0.45983537692905924 
   6346.00000000076    0.45991936579565657 
  6347.000000000761    0.46000444273338553 
  6348.000000000761    0.46009058037771766 
  6349.000000000761     0.4601777326712478 
  6350.000000000762     0.4602658348444483 
  6351.000000000762    0.46029128577285777 
  6352.000000000762    0.46031750841983254 
  6353.000000000762      0.460344381498374 
  6354.000000000762      0.460371765010666 
  6355.000000000763     0.4603995002391856 
  6356.000000000763    0.46052739397786857 
  6357.000000000763     0.4606558022637527 
  6358.000000000764    0.46078466472735957 
  6359.000000000764     0.4609139115779613 
  6360.000000000764     0.4610434635895624 
  6361.000000000764    0.46106236836092745 
  6362.000000000764     0.4610813763217774 
  6363.000000000765     0.4611003798608596 
  6364.000000000765     0.4611192619883195 
  6365.000000000765    0.46113789633762464 
  6366.000000000766    0.46125618103265853 
  6367.000000000766     0.4613744700998117 
  6368.000000000766     0.4614927635368069 
  6369.000000000766    0.46161106134188706 
  6370.000000000766     0.4617293635127023 
  6371.000000000767      0.461751866001642 
  6372.000000000767    0.46177436567095503 
  6373.000000000767     0.4617968625209254 
  6374.000000000768     0.4618193565523586 
  6375.000000000768    0.46184184776457277 
  6376.000000000768      0.461964415103879 
  6377.000000000768     0.4620869893696294 
  6378.000000000768    0.46220957055983236 
 6379.0000000007685     0.4623321586730171 
 6380.0000000007685     0.4624547537065948 
 6381.0000000007685     0.4624791875552032 
  6382.000000000769     0.4625036195302263 
  6383.000000000769     0.4625280496315171 
  6384.000000000769    0.46255247785997256 
  6385.000000000769     0.4625769042150007 
  6386.000000000769    0.46270145885519404 
   6387.00000000077    0.46282602219561225 
   6388.00000000077       0.46295059423549 
   6389.00000000077     0.4630751749730165 
  6390.000000000771    0.46319976440839605 
  6391.000000000771      0.463228366358931 
  6392.000000000771    0.46325696606241606 
  6393.000000000771    0.46328556351813943 
  6394.000000000771     0.4633141587264332 
  6395.000000000772     0.4633427516881514 
  6396.000000000772     0.4633713424031044 
  6397.000000000772    0.46339993087110215 
  6398.000000000773     0.4634285170935217 
  6399.000000000773    0.46345710106912913 
  6400.000000000773     0.4634856827993706 
  6401.000000000773    0.46360361626430935 
  6402.000000000773      0.463721554587276 
  6403.000000000774     0.4638394977669405 
  6404.000000000774     0.4639574458019726 
  6405.000000000774      0.464075398690966 
  6406.000000000775     0.4640931203374029 
  6407.000000000775     0.4641108391807826 
  6408.000000000775    0.46412855522152185 
  6409.000000000775    0.46414626845951656 
  6410.000000000775    0.46416397889579636 
  6411.000000000776    0.46429811267937526 
  6412.000000000776     0.4644322603151351 
  6413.000000000776    0.46456642180292274 
  6414.000000000777     0.4647005971425838 
  6415.000000000777     0.4648347863333646 
  6416.000000000777    0.46486869408026377 
  6417.000000000777    0.46490260104642794 
  6418.000000000777    0.46493650723318725 
  6419.000000000778     0.4649704126397808 
  6420.000000000778    0.46500431726646557 
  6421.000000000778    0.46500274226423866 
 6422.0000000007785    0.46500116223916915 
 6423.0000000007785     0.4649995771922047 
 6424.0000000007785     0.4649979871237694 
 6425.0000000007785     0.4649963920354122 
 6426.0000000007785     0.4650951144287169 
  6427.000000000779     0.4651938311107835 
  6428.000000000779    0.46529254207885257 
  6429.000000000779     0.4653912473312105 
   6430.00000000078     0.4654899468645013 
   6431.00000000078    0.46549258055158965 
   6432.00000000078     0.4654952101529292 
   6433.00000000078     0.4654978356691893 
   6434.00000000078     0.4655004571010398 
  6435.000000000781     0.4655030744486279 
  6436.000000000781    0.46550568771314577 
  6437.000000000781     0.4655082968947407 
  6438.000000000782    0.46551090199356004 
  6439.000000000782     0.4655135030107958 
  6440.000000000782     0.4655160999472328 
  6441.000000000782     0.4656653357157681 
  6442.000000000782    0.46581459448569024 
  6443.000000000783     0.4659638762586425 
  6444.000000000783      0.466113181035222 
  6445.000000000783     0.4662625088175158 
  6446.000000000784     0.4663114696248549 
  6447.000000000784      0.466360432358896 
  6448.000000000784    0.46640939701945655 
  6449.000000000784    0.46645836360792226 
  6450.000000000784    0.46650733212303286 
  6451.000000000785    0.46651562193599605 
  6452.000000000785    0.46652390833573104 
  6453.000000000785     0.4665321913228382 
  6454.000000000786    0.46654047089739437 
  6455.000000000786    0.46654874706044364 
  6456.000000000786     0.4664565769663511 
  6457.000000000786    0.46636439990029843 
  6458.000000000786    0.46627221586608025 
  6459.000000000787     0.4661800248659202 
  6460.000000000787     0.4660878269025738 
  6461.000000000787    0.46600605869268796 
  6462.000000000788    0.46592427988198165 
  6463.000000000788     0.4658424904730092 
  6464.000000000788      0.465760690467278 
  6465.000000000788     0.4656788798667399 
  6466.000000000788     0.4654965845566221 
 6467.0000000007885     0.4653142706083917 
 6468.0000000007885     0.4651319380256722 
 6469.0000000007885     0.4649495868115656 
  6470.000000000789    0.46476721697030626 
  6471.000000000789    0.46469464613901806 
  6472.000000000789     0.4646220618188837 
  6473.000000000789    0.46454946401164066 
  6474.000000000789     0.4644768527174558 
   6475.00000000079    0.46440422793806735 
   6476.00000000079     0.4643315896746894 
   6477.00000000079     0.4642589379280136 
  6478.000000000791    0.46418627269977875 
  6479.000000000791     0.4641135939906764 
  6480.000000000791     0.4640409018021418 
  6481.000000000791     0.4642458551169135 
  6482.000000000791     0.4644508074527474 
  6483.000000000792    0.46465575880549215 
  6484.000000000792     0.4648607091699483 
  6485.000000000792    0.46506565854136167 
  6486.000000000793    0.46517062618211397 
  6487.000000000793     0.4652759610404955 
  6488.000000000793      0.465381472138496 
  6489.000000000793    0.46548698249522785 
  6490.000000000793     0.4655923291384399 
  6491.000000000794     0.4656209617774065 
  6492.000000000794     0.4656491479680469 
  6493.000000000794     0.4656767671519328 
  6494.000000000795     0.4657037129183313 
  6495.000000000795     0.4657298930085518 
  6496.000000000795    0.46605701456777615 
  6497.000000000795    0.46638326006773023 
  6498.000000000795    0.46670857787592074 
  6499.000000000796    0.46703293043878946 
  6500.000000000796     0.4673562943329002 
  6501.000000000796     0.4675733260334771 
  6502.000000000797    0.46778935177019904 
  6503.000000000797     0.4680043914810344 
  6504.000000000797    0.46821847939924927 
  6505.000000000797    0.46843166408538267 
  6506.000000000797    0.46834230492579043 
  6507.000000000798    0.46825229344412134 
  6508.000000000798      0.468161658484216 
  6509.000000000798      0.468070447871115 
 6510.0000000007985     0.4679787283893468 
 6511.0000000007985       0.46768048583922 
 6512.0000000007985     0.4673819240982391 
 6513.0000000007985     0.4670831669777707 
 6514.0000000007985    0.46678435692909576 
  6515.000000000799     0.4664856549783713 
  6516.000000000799      0.466388530516846 
  6517.000000000799     0.4662910988323017 
    6518.0000000008     0.4661933435374196 
    6519.0000000008     0.4660952529883047 
    6520.0000000008     0.4659968202848184 
    6521.0000000008     0.4663966360451397 
    6522.0000000008    0.46679610530276044 
  6523.000000000801     0.4671952342781072 
  6524.000000000801    0.46759403396490334 
  6525.000000000801     0.4679925201493482 
  6526.000000000802     0.4681892352459037 
  6527.000000000802     0.4683855625940417 
  6528.000000000802     0.4685815968337036 
  6529.000000000802     0.4687774327694768 
  6530.000000000802    0.46897316536911626 
  6531.000000000803    0.46892460346362386 
  6532.000000000803     0.4688761342664164 
  6533.000000000803     0.4688278529475989 
  6534.000000000804    0.46877985464220895 
  6535.000000000804    0.46873223445210344 
  6536.000000000804     0.4687850841027643 
  6537.000000000804    0.46883784219242053 
  6538.000000000804     0.4688907181130199 
  6539.000000000805      0.468943902321435 
  6540.000000000805     0.4689975663295851 
  6541.000000000805       0.46892429377334 
  6542.000000000806    0.46885179590846743 
  6543.000000000806    0.46878018660684495 
  6544.000000000806     0.4687095606471895 
  6545.000000000806     0.4686399937289749 
  6546.000000000806     0.4686721159006792 
  6547.000000000807      0.468705405589638 
  6548.000000000807     0.4687398820943768 
  6549.000000000807    0.46877554568993085 
  6550.000000000808    0.46881237761974925 
  6551.000000000808     0.4688293848062544 
  6552.000000000808    0.46884746322747445 
  6553.000000000808     0.4688665368469576 
  6554.000000000808     0.4688865105772639 
 6555.0000000008085    0.46890727027618234 
 6556.0000000008085    0.46902931121247815 
 6557.0000000008085    0.46915212932014355 
  6558.000000000809     0.4692756323088067 
  6559.000000000809     0.4693997134980841 
  6560.000000000809    0.46952425179567575 
  6561.000000000809    0.46961340017846026 
  6562.000000000809     0.4697027035496122 
   6563.00000000081    0.46979199746773387 
   6564.00000000081     0.4698811030553246 
   6565.00000000081      0.469969826986571 
  6566.000000000811    0.47005796147725715 
  6567.000000000811    0.47014608751201903 
  6568.000000000811    0.47023420508925295 
  6569.000000000811     0.4703223142073561 
  6570.000000000811    0.47041041486626073 
  6571.000000000812     0.4704546966557721 
  6572.000000000812     0.4704989795036499 
  6573.000000000812    0.47054326341126296 
  6574.000000000813     0.4705875483778853 
  6575.000000000813    0.47063183440391965 
  6576.000000000813     0.4707768008739939 
  6577.000000000813     0.4709217873510904 
  6578.000000000813     0.4710667938351888 
  6579.000000000814    0.47121182032784015 
  6580.000000000814     0.4713568668295177 
  6581.000000000814    0.47146451703805864 
  6582.000000000815     0.4715721660130334 
  6583.000000000815     0.4716798137518056 
  6584.000000000815     0.4717874602527872 
  6585.000000000815     0.4718951055128179 
  6586.000000000815     0.4720027495297856 
  6587.000000000816     0.4721103923021026 
  6588.000000000816     0.4722180338266091 
  6589.000000000816     0.4723256741017173 
  6590.000000000817    0.47243331312470105 
  6591.000000000817     0.4724305874995053 
  6592.000000000817     0.4724278577834742 
  6593.000000000817    0.47242512397688574 
  6594.000000000817     0.4724223860805431 
  6595.000000000818    0.47241964409533144 
  6596.000000000818     0.4725176265706882 
  6597.000000000818    0.47261560378560313 
 6598.0000000008185     0.4727135757382848 
 6599.0000000008185     0.4728115424264188 
 6600.0000000008185     0.4729095038476293 
 6601.0000000008185     0.4729337716203091 
 6602.0000000008185     0.4729580376523516 
  6603.000000000819     0.4729823019446877 
  6604.000000000819      0.473006564497724 
  6605.000000000819      0.473030825311426 
   6606.00000000082     0.4731558415924179 
   6607.00000000082    0.47328086646770445 
   6608.00000000082     0.4734058999366001 
   6609.00000000082    0.47353094199841866 
   6610.00000000082    0.47365599265131664 
  6611.000000000821    0.47364809651747164 
  6612.000000000821    0.47364019693186027 
  6613.000000000821     0.4736322938952792 
  6614.000000000822     0.4736243874085255 
  6615.000000000822     0.4736164774724789 
  6616.000000000822     0.4737093318667559 
  6617.000000000822     0.4738021794439581 
  6618.000000000822    0.47389502020217317 
  6619.000000000823    0.47398785414053757 
  6620.000000000823    0.47408068125708136 
  6621.000000000823     0.4741039060719796 
  6622.000000000824     0.4741271289236844 
  6623.000000000824    0.47415034981207244 
  6624.000000000824     0.4741735687380699 
  6625.000000000824     0.4741967857015535 
  6626.000000000824    0.47422000070292486 
  6627.000000000825     0.4742432137420609 
  6628.000000000825     0.4742664248193638 
  6629.000000000825     0.4742896339352347 
  6630.000000000826    0.47431284109016447 
  6631.000000000826     0.4744434003863678 
  6632.000000000826     0.4745739717133854 
  6633.000000000826     0.4747045550706589 
  6634.000000000826     0.4748351504581541 
  6635.000000000827     0.4749657578752294 
  6636.000000000827     0.4749961163247856 
  6637.000000000827    0.47502685181667575 
  6638.000000000828     0.4750577691113995 
  6639.000000000828     0.4750886873875589 
  6640.000000000828     0.4751194402457105 
  6641.000000000828    0.47512682312112997 
  6642.000000000828    0.47513374765617494 
  6643.000000000829     0.4751400908353555 
  6644.000000000829    0.47514574410802335 
  6645.000000000829     0.4751506133919722 
 6646.0000000008295     0.4752555011556743 
 6647.0000000008295    0.47535946147695746 
 6648.0000000008295    0.47546244306023266 
 6649.0000000008295    0.47556440905089653 
 6650.0000000008295     0.4756653370542967 
   6651.00000000083     0.4756719422488514 
   6652.00000000083    0.47567751072658115 
   6653.00000000083     0.4756820641629836 
  6654.000000000831     0.4756856387277857 
  6655.000000000831    0.47568828508300454 
  6656.000000000831    0.47569006838651356 
  6657.000000000831    0.47569106829012114 
  6658.000000000831    0.47569137893904284 
  6659.000000000832    0.47569110897438527 
  6660.000000000832     0.4756903815309337 
  6661.000000000832    0.47579439071333623 
  6662.000000000833     0.4758982326974911 
  6663.000000000833    0.47600207409872214 
  6664.000000000833     0.4761060961861952 
  6665.000000000833     0.4762104949012599 
  6666.000000000833    0.47621498067075874 
  6667.000000000834     0.4762197156797525 
  6668.000000000834    0.47622456935392593 
  6669.000000000834     0.4762294207828894 
  6670.000000000835    0.47623415872048985 
  6671.000000000835    0.47621208016530336 
  6672.000000000835    0.47618969529351385 
  6673.000000000835     0.4761669219242684 
  6674.000000000835    0.47614368755957465 
  6675.000000000836     0.4761199293860422 
  6676.000000000836     0.4761960692392845 
  6677.000000000836     0.4762713254697074 
  6678.000000000837     0.4763457943980466 
  6679.000000000837     0.4764195724115886 
  6680.000000000837    0.47649275596703167 
  6681.000000000837    0.47650083906373925 
  6682.000000000837    0.47650853155531764 
  6683.000000000838      0.476515930215903 
  6684.000000000838    0.47652313183084927 
  6685.000000000838     0.4765302331985753 
  6686.000000000839    0.47653674167774396 
  6687.000000000839    0.47654296456565615 
  6688.000000000839    0.47654919467457135 
  6689.000000000839     0.4765557103321541 
  6690.000000000839    0.47656277537885244 
 6691.0000000008395    0.47661004164131804 
 6692.0000000008395      0.476658323661656 
 6693.0000000008395     0.4767078421292849 
   6694.00000000084     0.4767588033171019 
   6695.00000000084     0.4768113990717958 
   6696.00000000084    0.47676501082952527 
   6697.00000000084    0.47672007288354007 
   6698.00000000084     0.4766765727361193 
  6699.000000000841     0.4766344736923283 
  6700.000000000841    0.47659371487124164 
  6701.000000000841     0.4766319540027453 
  6702.000000000842    0.47667134118439647 
  6703.000000000842    0.47671174351927226 
  6704.000000000842     0.4767530038535905 
  6705.000000000842     0.4767949407636324 
  6706.000000000842    0.47693815982100096 
  6707.000000000843    0.47708218165803806 
  6708.000000000843     0.4772269124641223 
  6709.000000000843    0.47737224376977033 
  6710.000000000844      0.477518052422932 
  6711.000000000844    0.47753219072904984 
  6712.000000000844    0.47754649294212836 
  6713.000000000844     0.4775607917256086 
  6714.000000000844     0.4775749051734974 
  6715.000000000845     0.4775886368037869 
  6716.000000000845     0.4776017755613523 
  6717.000000000845     0.4776149122805196 
  6718.000000000846    0.47762804696231215 
  6719.000000000846     0.4776411796072283 
  6720.000000000846     0.4776543102153006 
  6721.000000000846     0.4777361166579239 
  6722.000000000846     0.4778179114054235 
  6723.000000000847     0.4778996944564977 
  6724.000000000847     0.4779814658093204 
  6725.000000000847     0.4780632254625052 
  6726.000000000848     0.4780441202253401 
  6727.000000000848    0.47802501134783837 
  6728.000000000848     0.4780058988320624 
  6729.000000000848     0.4779867826779757 
  6730.000000000848     0.4779676628871485 
  6731.000000000849    0.47798667119326055 
  6732.000000000849     0.4780056779330587 
  6733.000000000849     0.4780246831075083 
 6734.0000000008495    0.47804368671652586 
 6735.0000000008495    0.47806268876055236 
 6736.0000000008495     0.4780816892395049 
 6737.0000000008495     0.4781006881538248 
 6738.0000000008495    0.47811968550395306 
   6739.00000000085    0.47813868129033144 
   6740.00000000085    0.47815767551292576 
   6741.00000000085     0.4782345126433027 
  6742.000000000851    0.47831133658982744 
  6743.000000000851     0.4783881473516569 
  6744.000000000851    0.47846494492742314 
  6745.000000000851     0.4785417293156734 
  6746.000000000851     0.4785176538034419 
  6747.000000000852     0.4784935752511516 
  6748.000000000852    0.47846949365989705 
  6749.000000000852    0.47844540903024835 
  6750.000000000853    0.47842132136336174 
  6751.000000000853    0.47847047305588286 
  6752.000000000853    0.47851962716590973 
  6753.000000000853    0.47856878369384986 
  6754.000000000853    0.47861794264011087 
  6755.000000000854     0.4786671040045766 
  6756.000000000854     0.4787162677881797 
  6757.000000000854     0.4787654339908037 
  6758.000000000855    0.47881460261233216 
  6759.000000000855     0.4788637736536987 
  6760.000000000855    0.47891294711431853 
  6761.000000000855     0.4790279639812933 
  6762.000000000855    0.47914298483669365 
  6763.000000000856    0.47925800967976206 
  6764.000000000856     0.4793730385097398 
  6765.000000000856    0.47948807132578336 
  6766.000000000857     0.4795021603037743 
  6767.000000000857    0.47926492854635494 
  6768.000000000857      0.479027680077394 
  6769.000000000857     0.4780866809584856 
  6770.000000000857     0.4771456238062126 
  6771.000000000858    0.47616068473698303 
  6772.000000000858      0.475175861911037 
  6773.000000000858     0.4741911553505307 
  6774.000000000859      0.473206565077612 
  6775.000000000859    0.47222209111398655 
  6776.000000000859    0.47133694142491767 
  6777.000000000859    0.47045149367206246 
  6778.000000000859    0.46956574795100997 
 6779.0000000008595    0.46867970435582057 
 6780.0000000008595    0.46779336298307556 
 6781.0000000008595    0.46684161854656325 
   6782.00000000086    0.46588975210943134 
   6783.00000000086    0.46496291311968574 
   6784.00000000086     0.4640359552495657 
   6785.00000000086     0.4631088785039432 
   6786.00000000086     0.4621816828861614 
  6787.000000000861     0.4612543683995662 
  6788.000000000861    0.46032693504851124 
  6789.000000000861    0.45939938283583726 
  6790.000000000862     0.4584717117658789 
  6791.000000000862     0.4575280329478017 
  6792.000000000862     0.4565843002305167 
  6793.000000000862     0.4556153512391502 
  6794.000000000862    0.45464634700964923 
  6795.000000000863    0.45370245130807124 
  6796.000000000863      0.452758501758523 
  6797.000000000863    0.45181449837510973 
  6798.000000000864    0.45087044116995406 
  6799.000000000864    0.44992633015665895 
  6800.000000000864      0.448982165347909 
  6801.000000000864     0.4481217880040193 
  6802.000000000864     0.4472609994502575 
  6803.000000000865     0.4456694829757552 
  6804.000000000865    0.44407724263120246 
  6805.000000000865    0.44225753137894724 
  6806.000000000866     0.4403444899074646 
  6807.000000000866     0.4384062370747775 
  6808.000000000866    0.43646796702579593 
  6809.000000000866    0.43455487429870326 
  6810.000000000866    0.43264176460911513 
  6811.000000000867    0.43073425752020694 
  6812.000000000867     0.4288266836463526 
  6813.000000000867     0.4268938471317724 
  6814.000000000868    0.42496094303692267 
  6815.000000000868     0.4230531681226932 
  6816.000000000868     0.4211453265346538 
  6817.000000000868    0.41923741829912464 
  6818.000000000868    0.41732944344470035 
  6819.000000000869     0.4153962035634979 
  6820.000000000869     0.4134628962684818 
  6821.000000000869      0.411535903654705 
 6822.0000000008695     0.4096090194416758 
 6823.0000000008695     0.4076822436598789 
 6824.0000000008695    0.40575557634066156 
 6825.0000000008695     0.4038038222922104 
 6826.0000000008695    0.40193660095008976 
   6827.00000000087     0.4000938739974419 
   6828.00000000087     0.3982504463125004 
   6829.00000000087     0.3964063179936995 
  6830.000000000871     0.3945614891402698 
  6831.000000000871    0.39260862863240975 
  6832.000000000871     0.3906558751991933 
  6833.000000000871     0.3887284447856513 
  6834.000000000871    0.38680112009722156 
  6835.000000000872    0.38487390117045434 
  6836.000000000872     0.3829472618067801 
  6837.000000000872    0.38102102654065495 
  6838.000000000873    0.37909503486514423 
  6839.000000000873    0.37714392909479766 
  6840.000000000873     0.3751927909162096 
  6841.000000000873     0.3732748418751877 
  6842.000000000873     0.3713565553097811 
  6843.000000000874    0.36943784106529953 
  6844.000000000874    0.36751862217411535 
  6845.000000000874     0.3655736243294345 
  6846.000000000875     0.3636280069131693 
  6847.000000000875    0.36170694049032615 
  6848.000000000875    0.35978518769527884 
  6849.000000000875    0.35786273312558686 
  6850.000000000875    0.35593957281220234 
  6851.000000000876     0.3539869679067512 
  6852.000000000876    0.35203372268537586 
  6853.000000000876     0.3501050714549636 
  6854.000000000877    0.34817584570927834 
  6855.000000000877     0.3462460942675314 
  6856.000000000877    0.34395457879643676 
  6857.000000000877     0.3416415672148111 
  6858.000000000877      0.339332341128282 
  6859.000000000878    0.33705208023402977 
  6860.000000000878    0.33477573056189885 
  6861.000000000878    0.32964186990126204 
  6862.000000000879     0.3245448222983713 
  6863.000000000879    0.31946036945434303 
  6864.000000000879     0.3144134540871166 
  6865.000000000879     0.3094280481330393 
  6866.000000000879     0.2998419272700687 
 6867.0000000008795     0.2903473822115963 
 6868.0000000008795    0.28094436901831193 
 6869.0000000008795    0.27161141270543215 
   6870.00000000088       0.26237112927118 
   6871.00000000088    0.25719301736387656 
   6872.00000000088     0.2520590397246358 
   6873.00000000088     0.2469691696107235 
   6874.00000000088    0.24192338439739122 
  6875.000000000881     0.2369022645708037 
  6876.000000000881     0.2393658661808847 
  6877.000000000881     0.2417984944668835 
  6878.000000000882     0.2441807475282314 
  6879.000000000882    0.24651262655941364 
  6880.000000000882    0.24879413525527988 
  6881.000000000882      0.250345327845048 
  6882.000000000882      0.251854874362218 
  6883.000000000883    0.25334461389075036 
  6884.000000000883     0.2547932477450262 
  6885.000000000883    0.25620078070343394 
  6886.000000000884     0.2536606261715646 
  6887.000000000884    0.25113127175409367 
  6888.000000000884    0.24861288274106624 
  6889.000000000884     0.2460835265194443 
  6890.000000000884    0.24356557317577396 
  6891.000000000885    0.24188385450150673 
  6892.000000000885    0.24020253748481712 
  6893.000000000885    0.23852172660287632 
  6894.000000000886    0.23684151601128953 
  6895.000000000886     0.2351399832523165 
  6896.000000000886    0.23450411909867874 
  6897.000000000886    0.23387564239203906 
  6898.000000000886    0.23323257600427788 
  6899.000000000887    0.23257493929464298 
  6900.000000000887    0.23190274167518848 
  6901.000000000887      0.231033074672961 
  6902.000000000888    0.23015106601671448 
  6903.000000000888    0.22927945367990588 
  6904.000000000888    0.22839561651173643 
  6905.000000000888     0.2274995147644833 
  6906.000000000888    0.22669513610456024 
  6907.000000000889    0.22585366353962202 
  6908.000000000889      0.224997960426689 
  6909.000000000889    0.22415126318442988 
 6910.0000000008895    0.22329037050596456 
 6911.0000000008895     0.2221584255956497 
 6912.0000000008895     0.2210161742914232 
 6913.0000000008895    0.21983990188241692 
 6914.0000000008895    0.21865297176782472 
   6915.00000000089     0.2174790143258167 
   6916.00000000089    0.21624631540868383 
   6917.00000000089    0.21500402120183693 
  6918.000000000891     0.2137521322115729 
  6919.000000000891    0.21246664954911074 
  6920.000000000891    0.21117144714831193 
  6921.000000000891    0.20985193334252758 
  6922.000000000891    0.20852353974350904 
  6923.000000000892      0.207186265896767 
  6924.000000000892    0.20584011134792599 
  6925.000000000892     0.2044607205841594 
  6926.000000000893    0.20298444005106067 
  6927.000000000893    0.20152523554693982 
  6928.000000000893    0.20005875164382103 
  6929.000000000893    0.19858498797352225 
  6930.000000000893     0.1971039441668092 
  6931.000000000894    0.19532336240133485 
  6932.000000000894     0.1935405665331616 
  6933.000000000894    0.19178019480747474 
  6934.000000000895    0.19001763850174055 
  6935.000000000895    0.18825289811125498 
  6936.000000000895    0.18636625277014915 
  6937.000000000895     0.1844798479816808 
  6938.000000000895    0.18259368377784932 
  6939.000000000896    0.18068310028872944 
  6940.000000000896     0.1787727606282606 
  6941.000000000896     0.1769437847737016 
  6942.000000000897    0.17511385688927933 
  6943.000000000897    0.17328297689144015 
  6944.000000000897    0.17145114469642675 
  6945.000000000897    0.16959367050320429 
  6946.000000000897    0.16784284594378485 
  6947.000000000898    0.16611335894398888 
  6948.000000000898     0.1643805194093535 
  6949.000000000898    0.16264432696234749 
  6950.000000000899    0.16090478122593369 
  6951.000000000899    0.15905091978481592 
  6952.000000000899     0.1571957081719028 
  6953.000000000899    0.15536397323101117 
  6954.000000000899     0.1535309062770197 
 6955.0000000008995    0.15169650769038873 
 6956.0000000008995    0.14979710214463016 
 6957.0000000008995    0.14787314017982986 
    6958.0000000009     0.1459494656587703 
    6959.0000000009      0.144050914964955 
    6960.0000000009    0.14215264801368827 
    6961.0000000009    0.14045405935288335 
    6962.0000000009    0.13875041398082083 
  6963.000000000901    0.13701677605840523 
  6964.000000000901     0.1352780124700495 
  6965.000000000901    0.13355912387970856 
  6966.000000000902    0.13186298190910756 
  6967.000000000902    0.13016097930695758 
  6968.000000000902     0.1284531148720616 
  6969.000000000902     0.1267142307167261 
  6970.000000000902    0.12496940481021311 
  6971.000000000903    0.12307538875966764 
  6972.000000000903     0.1211807217427827 
  6973.000000000903    0.11928540387596603 
  6974.000000000904     0.1173894352753464 
  6975.000000000904     0.1154675992850255 
  6976.000000000904    0.11349755606440852 
  6977.000000000904    0.11155368836121785 
  6978.000000000904     0.1096107793259916 
  6979.000000000905    0.10766882888104722 
  6980.000000000905    0.10572783694885361 
  6981.000000000905    0.10371805814519784 
  6982.000000000906    0.10171092054195746 
  6983.000000000906    0.09973155774585724 
  6984.000000000906    0.09775480123039576 
  6985.000000000906    0.09578065064581451 
  6986.000000000906    0.09376962369587084 
  6987.000000000907    0.09176281049876961 
  6988.000000000907     0.0897602104620075 
  6989.000000000907    0.08773683386332407 
  6990.000000000908    0.08571772453764587 
  6991.000000000908    0.08382484132501326 
  6992.000000000908    0.08193176839696248 
  6993.000000000908    0.08003850575952003 
  6994.000000000908    0.07814505341877158 
  6995.000000000909    0.07622644366251832 
  6996.000000000909    0.07433906144158729 
  6997.000000000909     0.0724748555418545 
 6998.0000000009095    0.07060885801060174 
 6999.0000000009095    0.06874106861313499 
 7000.0000000009095     0.0668714871147954 
 7001.0000000009095    0.06494539207169259 
 7002.0000000009095     0.0630192395952674 
   7003.00000000091    0.06111805757024495 
   7004.00000000091   0.059216818885371184 
   7005.00000000091   0.057315523555606075 
  7006.000000000911    0.05541417159580758 
  7007.000000000911   0.053487733664826044 
  7008.000000000911    0.05156123839064301 
  7009.000000000911   0.049659715887013206 
  7010.000000000911    0.04775813681368004 
  7011.000000000912    0.04680261356172594 
  7012.000000000912    0.04584726780259621 
  7013.000000000912    0.04489209953160836 
  7014.000000000913   0.043937108744125805 
  7015.000000000913   0.042982295435465744 
  7016.000000000913   0.042036526195802726 
  7017.000000000913    0.04106550701623712 
  7018.000000000913    0.04009425680552629 
  7019.000000000914     0.0391478062407034 
  7020.000000000914   0.038201130745112145 
  7021.000000000914   0.037249564704514314 
  7022.000000000915    0.03629801348378305 
  7023.000000000915   0.035346477093448306 
  7024.000000000915    0.03439495554423718 
  7025.000000000915    0.03344344884676686 
  7026.000000000915    0.03250565225165159 
  7027.000000000916    0.03156706844140839 
  7028.000000000916    0.03062769744549499 
  7029.000000000916    0.02966246535820093 
  7030.000000000917   0.028696425438679028 
  7031.000000000917    0.02776662443820884 
  7032.000000000917   0.026835215352945047 
  7033.000000000917    0.02590219818206914 
  7034.000000000917   0.024967572924855373 
  7035.000000000918   0.024031339580510413 
  7036.000000000918   0.023074169001653617 
  7037.000000000918    0.02211699397841048 
  7038.000000000919   0.021159814521290746 
  7039.000000000919   0.020202630640848054 
  7040.000000000919    0.01924544234751995 
  7041.000000000919   0.018263332119006083 
  7042.000000000919   0.017281188046361987 
 7043.0000000009195   0.016324201806197577 
 7044.0000000009195   0.015367182602629426 
 7045.0000000009195    0.01441013044270648 
   7046.00000000092    0.01345304533345387 
   7047.00000000092   0.012495927281852002 
   7048.00000000092   0.011538776294953592 
   7049.00000000092   0.010581592379753068 
   7050.00000000092   0.009624375543278784 
  7051.000000000921   0.008666423734401052 
  7052.000000000921   0.007708594126098271 
  7053.000000000921   0.006725696848837353 
  7054.000000000922   0.005742925001297692 
  7055.000000000922   0.004785465249077675 
  7056.000000000922  0.0038289294247420076 
  7057.000000000922  0.0028721149045328356 
  7058.000000000922  0.0019150217714957532 
  7059.000000000923  0.0009576501086746496 
  7060.000000000923                    0.0 
