# LSST_i
# photon
# LSST i version 1.7 https://github.com/lsst/throughputs
  6759.000000000855                    0.0 
  6760.000000000855  8.154359071146189e-13 
  6761.000000000855  0.0009540389227909538 
  6762.000000000855  0.0019085359991171229 
  6763.000000000856   0.002863491253620176 
  6764.000000000856   0.003818904710097707 
  6765.000000000856   0.004749645990343843 
  6766.000000000857   0.005679637748653039 
  6767.000000000857    0.00663481600167255 
  6768.000000000857   0.007590050335741022 
  6769.000000000857   0.008545340739235435 
  6770.000000000857   0.009500687200516231 
  6771.000000000858   0.010455127460489589 
  6772.000000000858   0.011409447922733938 
  6773.000000000858   0.012338519199393872 
  6774.000000000859   0.013267473788065332 
  6775.000000000859    0.01422143788370664 
  6776.000000000859   0.015178476894674709 
  6777.000000000859   0.016135797572034698 
  6778.000000000859    0.01709339981919599 
 6779.0000000008595     0.0180512835395009 
 6780.0000000008595   0.019009448636353385 
 6781.0000000008595   0.019941039780389924 
   6782.00000000086    0.02087274610097839 
   6783.00000000086   0.021829717038284093 
   6784.00000000086   0.022786806258646458 
   6785.00000000086   0.023744013758616334 
   6786.00000000086   0.024701339534675796 
  6787.000000000861   0.025658783583305606 
  6788.000000000861    0.02661634590102054 
  6789.000000000861   0.027548867701029118 
  6790.000000000862   0.028481504650143832 
  6791.000000000862    0.02943839631351047 
  6792.000000000862   0.030395339727457137 
  6793.000000000862    0.03135233487932651 
  6794.000000000862   0.032309381756495274 
  6795.000000000863    0.03326648034638035 
  6796.000000000863    0.03422363063623659 
  6797.000000000863    0.03515566749724943 
  6798.000000000864   0.036087754669217584 
  6799.000000000864   0.037045058619901025 
  6800.000000000864    0.03800241422036612 
  6801.000000000864   0.038967112001247854 
  6802.000000000864    0.03993221938443507 
  6803.000000000865     0.0408977363603796 
  6804.000000000865   0.041863662919456965 
  6805.000000000865   0.042804804935046306 
  6806.000000000866    0.04373715725464864 
  6807.000000000866    0.04469471091247958 
  6808.000000000866   0.045652271777194414 
  6809.000000000866      0.046609839834762 
  6810.000000000866    0.04756741507183936 
  6811.000000000867   0.049483041752532944 
  6812.000000000867   0.051398732941824295 
  6813.000000000867    0.05328929272944637 
  6814.000000000868    0.05517991612015379 
  6815.000000000868    0.05709579982118384 
  6816.000000000868     0.0590117479224272 
  6817.000000000868   0.060902562811653696 
  6818.000000000868     0.0627934411964703 
  6819.000000000869    0.06470958148515688 
  6820.000000000869     0.0666257860656508 
  6821.000000000869     0.0685137228795294 
 6822.0000000008695    0.07040155021848722 
 6823.0000000008695      0.072314464730257 
 6824.0000000008695     0.0742272682520508 
 6825.0000000008695    0.07611476553167804 
 6826.0000000008695     0.0780185402240252 
   6827.00000000087     0.0799482026175908 
   6828.00000000087    0.08187855739045648 
   6829.00000000087    0.08378439096326801 
  6830.000000000871    0.08569090758855276 
  6831.000000000871    0.08760500840778791 
  6832.000000000871    0.08951900058020759 
  6833.000000000871    0.09140766816161422 
  6834.000000000871    0.09329622844794888 
  6835.000000000872    0.09520989588911496 
  6836.000000000872    0.09712357469786657 
  6837.000000000872    0.09901201503815854 
  6838.000000000873     0.1009003943576913 
  6839.000000000873     0.1028138874844925 
  6840.000000000873    0.10472724455701202 
  6841.000000000873    0.10661754061337886 
  6842.000000000873    0.10850771310829192 
  6843.000000000874    0.11042293871283436 
  6844.000000000874    0.11233797368908753 
  6845.000000000874    0.11422757684768826 
  6846.000000000875    0.11611693010773251 
  6847.000000000875     0.1180312165742684 
  6848.000000000875     0.1199452020099312 
  6849.000000000875     0.1218336566094366 
  6850.000000000875    0.12372177219506438 
  6851.000000000876    0.12563348629774743 
  6852.000000000876    0.12754479713730485 
  6853.000000000876    0.12943049258119912 
  6854.000000000877     0.1313157779193052 
  6855.000000000877    0.13322585924662336 
  6856.000000000877     0.1349937382182855 
  6857.000000000877    0.13673207221042594 
  6858.000000000877     0.1384660841228132 
  6859.000000000878    0.14022089222599718 
  6860.000000000878    0.14197137900077833 
  6861.000000000878     0.1424807479868024 
  6862.000000000879     0.1429530965251705 
  6863.000000000879    0.14336413776843696 
  6864.000000000879    0.14373874843788023 
  6865.000000000879    0.14410083758672065 
  6866.000000000879    0.14222615219937523 
 6867.0000000008795    0.14023719685422997 
 6868.0000000008795    0.13815779892004773 
 6869.0000000008795    0.13600937739605662 
   6870.00000000088    0.13376927016734724 
   6871.00000000088    0.13346665450657377 
   6872.00000000088     0.1331212131042296 
   6873.00000000088    0.13275291986883522 
   6874.00000000088    0.13234122639520093 
  6875.000000000881    0.13186673428157838 
  6876.000000000881    0.13556306514093835 
  6877.000000000881    0.13932791006646575 
  6878.000000000882     0.1431418436541522 
  6879.000000000882     0.1469841370713458 
  6880.000000000882    0.15087482048590936 
  6881.000000000882    0.15442896510711082 
  6882.000000000882    0.15802405015457932 
  6883.000000000883    0.16163823167526395 
  6884.000000000883    0.16529280806751287 
  6885.000000000883    0.16901015862167015 
  6886.000000000884    0.17014801762793905 
  6887.000000000884    0.17125214114287676 
  6888.000000000884    0.17234500908988076 
  6889.000000000884    0.17344880349206412 
  6890.000000000884    0.17454138761176374 
  6891.000000000885    0.17618564652524574 
  6892.000000000885    0.17782998927115842 
  6893.000000000885     0.1794965124747349 
  6894.000000000886     0.1811632930526873 
  6895.000000000886    0.18280840813337182 
  6896.000000000886     0.1852953927520155 
  6897.000000000886    0.18781999462402843 
  6898.000000000886    0.19036025283558222 
  6899.000000000887    0.19289380081079466 
  6900.000000000887    0.19544287740065125 
  6901.000000000887    0.19789280670423595 
  6902.000000000888     0.2003561398376846 
  6903.000000000888    0.20281012624286043 
  6904.000000000888     0.2052773564716671 
  6905.000000000888    0.20778075013355374 
  6906.000000000888    0.21039408427310094 
  6907.000000000889     0.2129992632019817 
  6908.000000000889    0.21561917627660526 
  6909.000000000889    0.21827708282954392 
 6910.0000000008895     0.2209498005876647 
 6911.0000000008895     0.2233790762889165 
 6912.0000000008895    0.22581882656939997 
 6913.0000000008895    0.22824533686259554 
 6914.0000000008895      0.230681963503633 
   6915.00000000089     0.2331523217603576 
   6916.00000000089     0.2355803836912456 
   6917.00000000089    0.23799412473812867 
  6918.000000000891    0.24041729182127855 
  6919.000000000891    0.24287388382108455 
  6920.000000000891    0.24534002679522837 
  6921.000000000891    0.24774588590711621 
  6922.000000000891      0.250160545247845 
  6923.000000000892     0.2526082432390351 
  6924.000000000892     0.2550648594147583 
  6925.000000000892    0.25750603916232256 
  6926.000000000893     0.2598435101821454 
  6927.000000000893     0.2622126457215307 
  6928.000000000893     0.2645890910831061 
  6929.000000000893    0.26694829965926975 
  6930.000000000893     0.2693147228173793 
  6931.000000000894     0.2713412364708394 
  6932.000000000894     0.2733698943616662 
  6933.000000000894    0.27537605824700917 
  6934.000000000895     0.2773843368517601 
  6935.000000000895    0.27941939594288484 
  6936.000000000895     0.2812759061173125 
  6937.000000000895     0.2831075100285246 
  6938.000000000895     0.2849388739061802 
  6939.000000000896    0.28679465762112855 
  6940.000000000896    0.28865019806152875 
  6941.000000000896    0.29057356125601497 
  6942.000000000897    0.29249787085251244 
  6943.000000000897    0.29444780408723004 
  6944.000000000897    0.29639869645071965 
  6945.000000000897     0.2983258583086667 
  6946.000000000897     0.3004466020342255 
  6947.000000000898     0.3025954189030275 
  6948.000000000898    0.30474761957244206 
  6949.000000000898     0.3068784261822937 
  6950.000000000899    0.30901257307452007 
  6951.000000000899    0.31100644680312217 
  6952.000000000899    0.31300162164445716 
  6953.000000000899     0.3149732707596395 
  6954.000000000899     0.3169462028371854 
 6955.0000000008995     0.3189452613431667 
 6956.0000000008995    0.32080924993832016 
 6957.0000000008995    0.32264811319135656 
    6958.0000000009    0.32448669492824495 
    6959.0000000009     0.3263498314951204 
    6960.0000000009     0.3282126827709803 
    6961.0000000009     0.3305445037094115 
    6962.0000000009      0.332881467000729 
  6963.000000000901    0.33519863886909085 
  6964.000000000901     0.3375208882618168 
  6965.000000000901     0.3398732179058772 
  6966.000000000902     0.3423028793638188 
  6967.000000000902     0.3447134220821912 
  6968.000000000902     0.3471298489567523 
  6969.000000000902    0.34957731786234203 
  6970.000000000902    0.35203075081469937 
  6971.000000000903    0.35398034110148807 
  6972.000000000903    0.35593056416062985 
  6973.000000000903     0.3579066281199753 
  6974.000000000904    0.35988333315148135 
  6975.000000000904     0.3618354623659837 
  6976.000000000904      0.363635883764061 
  6977.000000000904     0.3654605696498972 
  6978.000000000904     0.3672843033306559 
  6979.000000000905      0.369081893301103 
  6980.000000000905     0.3708785438165634 
  6981.000000000905     0.3725393585776051 
  6982.000000000906    0.37419759541441205 
  6983.000000000906    0.37582812071734895 
  6984.000000000906     0.3774561030121047 
  6985.000000000906     0.3791066423970346 
  6986.000000000906      0.380594355009599 
  6987.000000000907    0.38205285867666366 
  6988.000000000907     0.3835072537390061 
  6989.000000000907     0.3849825299149283 
  6990.000000000908     0.3864536433675921 
  6991.000000000908     0.3883451627533386 
  6992.000000000908    0.39023686886467795 
  6993.000000000908    0.39215372691925077 
  6994.000000000908    0.39407077418363484 
  6995.000000000909    0.39596304293375895 
  6996.000000000909     0.3980237248127896 
  6997.000000000909     0.4001111852612883 
 6998.0000000009095    0.40220045679573535 
 6999.0000000009095    0.40426652470506086 
 7000.0000000009095    0.40633438054973664 
 7001.0000000009095     0.4082424799639802 
 7002.0000000009095    0.41015063483712894 
   7003.00000000091     0.4120338172856727 
   7004.00000000091    0.41391705442054655 
   7005.00000000091     0.4158253748408666 
  7006.000000000911     0.4177337506626486 
  7007.000000000911      0.419617152514696 
  7008.000000000911     0.4215006089957324 
  7009.000000000911    0.42340915019027037 
  7010.000000000911    0.42531774672751405 
  7011.000000000912    0.42718021833667497 
  7012.000000000912      0.429042335821894 
  7013.000000000912    0.43087907572618406 
  7014.000000000913     0.4327154661953138 
  7015.000000000913    0.43457652603730945 
  7016.000000000913     0.4365293071607434 
  7017.000000000913    0.43823227232567485 
  7018.000000000913     0.4399356093284505 
  7019.000000000914      0.440913431551553 
  7020.000000000914    0.44189145473748026 
  7021.000000000914     0.4428392470695789 
  7022.000000000915     0.4437870227980559 
  7023.000000000915     0.4447347819113937 
  7024.000000000915     0.4456825244005055 
  7025.000000000915    0.44663025025502223 
  7026.000000000915    0.44776661192311495 
  7027.000000000916    0.44887870260428886 
  7028.000000000916    0.44999155479015107 
  7029.000000000916    0.45113024238538096 
  7030.000000000917    0.45226971212948447 
  7031.000000000917     0.4536052173294021 
  7032.000000000917     0.4549423307089874 
  7033.000000000917     0.4562810522643325 
  7034.000000000917    0.45762138199246183 
  7035.000000000918      0.458938129805173 
  7036.000000000918     0.4598712110382373 
  7037.000000000918     0.4608294850317639 
  7038.000000000919    0.46178776169185703 
  7039.000000000919     0.4627460410090233 
  7040.000000000919     0.4637043229717685 
  7041.000000000919     0.4646695507372006 
  7042.000000000919     0.4656348103000173 
 7043.0000000009195    0.46660010165317783 
 7044.0000000009195     0.4675654247896169 
 7045.0000000009195    0.46850558716761687 
   7046.00000000092     0.4694457804502931 
   7047.00000000092    0.47041119803150894 
   7048.00000000092     0.4713766473700443 
   7049.00000000092    0.47234212845835566 
   7050.00000000092     0.4733076412904041 
  7051.000000000921    0.47423476858506836 
  7052.000000000921     0.4751617726261252 
  7053.000000000921     0.4753581470095425 
  7054.000000000922    0.47555449140860506 
  7055.000000000922     0.4755241258907736 
  7056.000000000922    0.47559333918284197 
  7057.000000000922    0.47566253872153974 
  7058.000000000922     0.4757317245069489 
  7059.000000000923    0.47580089653863417 
  7060.000000000923      0.475870054817229 
  7061.000000000923    0.47597659494032984 
  7062.000000000924    0.47608313676492003 
  7063.000000000924     0.4761896802906567 
  7064.000000000924      0.476296225517713 
  7065.000000000924     0.4764027724447132 
  7066.000000000924     0.4765093210718299 
  7067.000000000925     0.4766158713982038 
  7068.000000000925    0.47672242342400883 
  7069.000000000925    0.47682897714735084 
  7070.000000000926     0.4769355325688153 
  7071.000000000926    0.47692784453557624 
  7072.000000000926     0.4769201553802324 
  7073.000000000926     0.4769124651044069 
  7074.000000000926     0.4769047737081742 
  7075.000000000927    0.47689708119109175 
  7076.000000000927     0.4768893875542666 
  7077.000000000927     0.4768816927982894 
  7078.000000000928     0.4768739969227172 
  7079.000000000928     0.4768662999286579 
  7080.000000000928     0.4768586018162908 
  7081.000000000928    0.47696509765112194 
  7082.000000000928    0.47707159506729063 
  7083.000000000929     0.4771780940649046 
  7084.000000000929    0.47728459464355416 
  7085.000000000929     0.4773910968017967 
 7086.0000000009295    0.47749760053973994 
 7087.0000000009295    0.47760410585645807 
 7088.0000000009295     0.4777106127520585 
 7089.0000000009295     0.4778171212250979 
 7090.0000000009295    0.47792363127503606 
   7091.00000000093    0.47788824791993534 
   7092.00000000093    0.47785286425491014 
   7093.00000000093    0.47781748028025917 
  7094.000000000931    0.47778209599731497 
  7095.000000000931    0.47774671140534325 
  7096.000000000931     0.4777113265061924 
  7097.000000000931     0.4776759413001614 
  7098.000000000931    0.47764055578703246 
  7099.000000000932     0.4776051699686535 
  7100.000000000932     0.4775697838443049 
  7101.000000000932    0.47755005804578593 
  7102.000000000933     0.4775303308449849 
  7103.000000000933    0.47751060224208824 
  7104.000000000933     0.4774908722388315 
  7105.000000000933    0.47747114083436865 
  7106.000000000933     0.4774514080299184 
  7107.000000000934    0.47743167382566737 
  7108.000000000934      0.477411938222318 
  7109.000000000934    0.47739220122005677 
  7110.000000000935    0.47737246282021983 
  7111.000000000935    0.47747860533958214 
  7112.000000000935     0.4775847496503269 
  7113.000000000935    0.47769089575223667 
  7114.000000000935    0.47779704364457665 
  7115.000000000936    0.47790319332712883 
  7116.000000000936     0.4780093447996755 
  7117.000000000936    0.47811549806148207 
  7118.000000000937    0.47822165311284665 
  7119.000000000937     0.4783278099530349 
  7120.000000000937    0.47843396858059567 
  7121.000000000937    0.47832553189623644 
  7122.000000000937     0.4782170975088041 
  7123.000000000938    0.47810866541884967 
  7124.000000000938    0.47800023562795674 
  7125.000000000938    0.47789180813780247 
  7126.000000000939    0.47788283827384576 
  7127.000000000939     0.4778738669792131 
  7128.000000000939    0.47786489425347267 
  7129.000000000939    0.47785592009670963 
  7130.000000000939     0.4778469445100166 
 7131.0000000009395    0.47781264610056745 
 7132.0000000009395    0.47777834799080815 
 7133.0000000009395    0.47774405018251653 
   7134.00000000094    0.47770975267540877 
   7135.00000000094    0.47767545547074663 
   7136.00000000094      0.477641749821931 
   7137.00000000094     0.4776084244570503 
   7138.00000000094     0.4775752827239006 
  7139.000000000941     0.4775421425871534 
  7140.000000000941    0.47750883661981564 
  7141.000000000941       0.47738917176136 
  7142.000000000942     0.4772690563283126 
  7143.000000000942    0.47714836701049274 
  7144.000000000942     0.4770269951695601 
  7145.000000000942     0.4769048468189969 
  7146.000000000942    0.47678184260712014 
  7147.000000000943    0.47665791780151623 
  7148.000000000943     0.4765330222686447 
  7149.000000000943     0.4764071204568249 
  7150.000000000944     0.4762801913779398 
  7151.000000000944     0.4761746827329222 
  7152.000000000944    0.47606813930081215 
  7153.000000000944     0.4759605835268446 
  7154.000000000944     0.4758520523509933 
  7155.000000000945     0.4757425971919834 
  7156.000000000945     0.4755329662666772 
  7157.000000000945     0.4753225624783685 
  7158.000000000946    0.47511148100858697 
  7159.000000000946    0.47489983135790736 
  7160.000000000946     0.4746877373123555 
  7161.000000000946      0.473770957794787 
  7162.000000000946     0.4728541004837051 
  7163.000000000947    0.47193733182603004 
  7164.000000000947     0.4710208313535168 
  7165.000000000947    0.47010479154167867 
  7166.000000000948     0.4680973561933185 
  7167.000000000948     0.4660901053993283 
  7168.000000000948     0.4640830390924505 
  7169.000000000948    0.46207615721058565 
  7170.000000000948     0.4600694596998642 
  7171.000000000949    0.45813999296360036 
  7172.000000000949    0.45621088566958845 
  7173.000000000949     0.4542821377633649 
 7174.0000000009495     0.4523537491926899 
 7175.0000000009495      0.450425719914363 
 7176.0000000009495     0.4495892858092703 
 7177.0000000009495    0.44875300334872703 
 7178.0000000009495    0.44791687257287716 
   7179.00000000095     0.4470808935205672 
   7180.00000000095     0.4462450662295197 
   7181.00000000095    0.44486857611453245 
  7182.000000000951    0.44349201105302516 
  7183.000000000951     0.4421153711009782 
  7184.000000000951     0.4407386563168802 
  7185.000000000951     0.4393618667623856 
  7186.000000000951    0.43848109047512107 
  7187.000000000952    0.43760038132428003 
  7188.000000000952    0.43671967871604267 
  7189.000000000952    0.43583892696970256 
  7190.000000000953     0.4349580752789775 
  7191.000000000953    0.43503249676824424 
  7192.000000000953     0.4351067687423168 
  7193.000000000953     0.4351808535709303 
  7194.000000000953    0.43525471802425325 
  7195.000000000954     0.4353283332748634 
  7196.000000000954    0.43559981052419594 
  7197.000000000954    0.43587085409702364 
  7198.000000000955    0.43614150755830566 
  7199.000000000955     0.4364118145796118 
  7200.000000000955    0.43668181894104185 
  7201.000000000955    0.43763449862446363 
  7202.000000000955     0.4385868261863752 
  7203.000000000956    0.43953884510919283 
  7204.000000000956     0.4404905992572479 
  7205.000000000956     0.4414421328841343 
  7206.000000000957     0.4438796949531055 
  7207.000000000957    0.44631686116651276 
  7208.000000000957    0.44875367794636106 
  7209.000000000957    0.45119019270784466 
  7210.000000000957    0.45362645385941675 
  7211.000000000958     0.4559577320768495 
  7212.000000000958     0.4582888142919664 
  7213.000000000958     0.4606197516741861 
  7214.000000000959     0.4629505963440092 
  7215.000000000959     0.4652814013669918 
  7216.000000000959     0.4660286293010064 
  7217.000000000959     0.4667760865898891 
  7218.000000000959      0.467523679937985 
 7219.0000000009595    0.46827131543967215 
 7220.0000000009595    0.46901889857377843 
 7221.0000000009595     0.4687934387569892 
   7222.00000000096    0.46856790704311196 
   7223.00000000096    0.46834220825998374 
   7224.00000000096     0.4681162474148218 
   7225.00000000096    0.46788992969265353 
   7226.00000000096    0.46627817843531766 
  7227.000000000961     0.4646661990848377 
  7228.000000000961     0.4630540431708131 
  7229.000000000961     0.4614417615684852 
  7230.000000000962     0.4598294044971229 
  7231.000000000962     0.4574514568142375 
  7232.000000000962    0.45507337089272387 
  7233.000000000962    0.45269519571451194 
  7234.000000000962     0.4503169792991299 
  7235.000000000963     0.4479387687036134 
  7236.000000000963    0.44763656954780917 
  7237.000000000963    0.44733406590588876 
  7238.000000000964     0.4470314880714907 
  7239.000000000964    0.44672905209592656 
  7240.000000000964     0.4464269598338893 
  7241.000000000964     0.4465948937691443 
  7242.000000000964    0.44676350283751676 
  7243.000000000965     0.4469329492953606 
  7244.000000000965    0.44710338200869926 
  7245.000000000965    0.44727493642855615 
  7246.000000000966    0.44764541414615916 
  7247.000000000966     0.4480169675026669 
  7248.000000000966      0.448389617541252 
  7249.000000000966     0.4487633671066943 
  7250.000000000966    0.44913820076802446 
  7251.000000000967    0.44952776526087684 
  7252.000000000967     0.4499183511657737 
  7253.000000000967     0.4503098878501936 
  7254.000000000968    0.45070228608431684 
  7255.000000000968     0.4510954379633173 
  7256.000000000968    0.45188447986896413 
  7257.000000000968     0.4526742600036102 
  7258.000000000968     0.4534646922958809 
  7259.000000000969     0.4542556761842946 
  7260.000000000969      0.455047096494429 
  7261.000000000969    0.45502501201979184 
 7262.0000000009695    0.45500308569769654 
 7263.0000000009695    0.45498115780548276 
 7264.0000000009695    0.45495905476560117 
 7265.0000000009695     0.4549365891496756 
 7266.0000000009695    0.45481477280695903 
   7267.00000000097    0.45469296639589035 
   7268.00000000097     0.4545711699172543 
   7269.00000000097     0.4544493833708127 
  7270.000000000971    0.45432760675658146 
  7271.000000000971    0.45341489055708195 
  7272.000000000971     0.4525022670662674 
  7273.000000000971    0.45158973628870397 
  7274.000000000971    0.45067729822793573 
  7275.000000000972    0.44976495289082974 
  7276.000000000972    0.44964258624360354 
  7277.000000000972     0.4495202293181348 
  7278.000000000973     0.4493978821146285 
  7279.000000000973    0.44927554463431313 
  7280.000000000973    0.44915321688108867 
  7281.000000000973    0.45072376329015634 
  7282.000000000973     0.4522942463633049 
  7283.000000000974     0.4538646660907748 
  7284.000000000974     0.4554350224628033 
  7285.000000000974     0.4570053154643186 
  7286.000000000975    0.45679831958130135 
  7287.000000000975     0.4565909672591782 
  7288.000000000975    0.45638344704606826 
  7289.000000000975     0.4561759332250127 
  7290.000000000975     0.4559685858468674 
  7291.000000000976    0.45624436977076305 
  7292.000000000976     0.4565205639059744 
  7293.000000000976     0.4567972875564063 
  7294.000000000977     0.4570746463616461 
  7295.000000000977    0.45735273225855166 
  7296.000000000977     0.4580261142817326 
  7297.000000000977    0.45870021555435814 
  7298.000000000977     0.4593751516747541 
  7299.000000000978     0.4600510201753982 
  7300.000000000978     0.4607279003886192 
  7301.000000000978     0.4604091212254927 
  7302.000000000979     0.4600915194485153 
  7303.000000000979    0.45977511139157395 
  7304.000000000979     0.4594598946432336 
  7305.000000000979     0.4591458481104083 
  7306.000000000979     0.4591290158027817 
 7307.0000000009795     0.4591133571069332 
 7308.0000000009795    0.45909873405905316 
 7309.0000000009795     0.4590849947125913 
   7310.00000000098     0.4590719731422831 
   7311.00000000098     0.4593829686083486 
   7312.00000000098    0.45969433015593264 
   7313.00000000098      0.460005850216853 
   7314.00000000098      0.460317306620999 
  7315.000000000981    0.46062846255261486 
  7316.000000000981    0.46133362166339564 
  7317.000000000981     0.4620387772620749 
  7318.000000000982    0.46274388204067907 
  7319.000000000982     0.4634488884083341 
  7320.000000000982     0.4641537484890486 
  7321.000000000982      0.465220060906121 
  7322.000000000982     0.4662859985429229 
  7323.000000000983     0.4673515118860949 
  7324.000000000983    0.46841655099378654 
  7325.000000000983     0.4694810654906033 
  7326.000000000984    0.46995305399096476 
  7327.000000000984     0.4704246132156997 
  7328.000000000984     0.4708958378456354 
  7329.000000000984     0.4713668229424272 
  7330.000000000984    0.47183766394667576 
  7331.000000000985     0.4718584465264883 
  7332.000000000985     0.4718793251266241 
  7333.000000000985     0.4719003957837323 
  7334.000000000986     0.4719217545508721 
  7335.000000000986     0.4719434974940297 
  7336.000000000986    0.47226240402518666 
  7337.000000000986      0.472582148585055 
  7338.000000000986    0.47290248989944544 
  7339.000000000987       0.47322320048615 
  7340.000000000987    0.47354406670340216 
  7341.000000000987    0.47362440053999066 
  7342.000000000988     0.4737044634542887 
  7343.000000000988     0.4737840842672448 
  7344.000000000988    0.47386310614897575 
  7345.000000000988     0.4739413866336395 
  7346.000000000988    0.47382153637602265 
  7347.000000000989     0.4737007214062695 
  7348.000000000989    0.47357884376197273 
  7349.000000000989    0.47345582003615716 
 7350.0000000009895    0.47333158135640374 
 7351.0000000009895    0.47344065954876946 
 7352.0000000009895    0.47354842080855325 
 7353.0000000009895     0.4736548377548225 
 7354.0000000009895    0.47375989744275204 
   7355.00000000099     0.4738636013783025 
   7356.00000000099     0.4737687262674869 
   7357.00000000099     0.4736728100890848 
  7358.000000000991     0.4735759786868097 
  7359.000000000991    0.47347837706594004 
  7360.000000000991    0.47338016936939564 
  7361.000000000991    0.47323947496710583 
  7362.000000000991    0.47309857977493486 
  7363.000000000992     0.4729577052233696 
  7364.000000000992    0.47281709171261127 
  7365.000000000992      0.472676998585767 
  7366.000000000993     0.4727348412292721 
  7367.000000000993     0.4727926677131033 
  7368.000000000993    0.47285047803838337 
  7369.000000000993    0.47290827220572357 
  7370.000000000993    0.47296605021698973 
  7371.000000000994     0.4732576725926748 
  7372.000000000994     0.4735492890325532 
  7373.000000000994    0.47384089953549324 
  7374.000000000995    0.47413250409985225 
  7375.000000000995    0.47442410272389024 
  7376.000000000995    0.47461716578941865 
  7377.000000000995     0.4748102245724849 
  7378.000000000995    0.47500327907166506 
  7379.000000000996    0.47519632928604527 
  7380.000000000996    0.47538937521448904 
  7381.000000000996     0.4753591360897809 
  7382.000000000997     0.4753288970554408 
  7383.000000000997       0.47529865811214 
  7384.000000000997    0.47526841926003854 
  7385.000000000997     0.4752381804993955 
  7386.000000000997    0.47530643052377886 
  7387.000000000998    0.47537466810698564 
  7388.000000000998     0.4754428932485934 
  7389.000000000998        0.4755111059492 
  7390.000000000999      0.475579306209836 
  7391.000000000999     0.4755695427215412 
  7392.000000000999    0.47555977822037515 
  7393.000000000999    0.47555001270639663 
  7394.000000000999    0.47554024617966456 
 7395.0000000009995    0.47553047864135634 
 7396.0000000009995     0.4756191615843781 
 7397.0000000009995    0.47570783947019013 
     7398.000000001    0.47579651229860287 
     7399.000000001    0.47588518006942504 
     7400.000000001    0.47597384278295546 
     7401.000000001    0.47604197163358586 
     7402.000000001     0.4761100880459877 
  7403.000000001001     0.4761781920202495 
  7404.000000001001     0.4762462835569697 
  7405.000000001001     0.4763143626562373 
  7406.000000001002    0.47638242931916086 
  7407.000000001002     0.4764504835453197 
  7408.000000001002    0.47651852533633254 
  7409.000000001002     0.4765865546917782 
  7410.000000001002    0.47665457161270924 
  7411.000000001003     0.4766664564778709 
  7412.000000001003    0.47667834082480814 
  7413.000000001003     0.4766902246544979 
  7414.000000001004    0.47670210796638707 
  7415.000000001004     0.4767139907610421 
  7416.000000001004    0.47682426847166137 
  7417.000000001004    0.47693455056976325 
  7418.000000001004    0.47704483705587075 
  7419.000000001005    0.47715512792999554 
  7420.000000001005    0.47726542319046905 
  7421.000000001005    0.47722396607582074 
  7422.000000001006    0.47718250975991955 
  7423.000000001006    0.47714105424403036 
  7424.000000001006     0.4770995995283976 
  7425.000000001006    0.47705814561326587 
  7426.000000001006     0.4770166924993895 
  7427.000000001007     0.4769752401875225 
  7428.000000001007    0.47693378867790964 
  7429.000000001007    0.47689233797079483 
  7430.000000001008    0.47685088806755127 
  7431.000000001008     0.4769187933386123 
  7432.000000001008     0.4769866861805899 
  7433.000000001008    0.47705456659306494 
  7434.000000001008     0.4771224345771457 
  7435.000000001009     0.4771902901328238 
  7436.000000001009    0.47715985110863923 
  7437.000000001009    0.47712941219651667 
 7438.0000000010095     0.4770989733966145 
 7439.0000000010095     0.4770685347095994 
 7440.0000000010095     0.4770380961361518 
 7441.0000000010095     0.4770195428199393 
 7442.0000000010095     0.4770009893860119 
   7443.00000000101     0.4769824358354616 
   7444.00000000101     0.4769638821673436 
   7445.00000000101    0.47694532838274967 
  7446.000000001011     0.4769267744822615 
  7447.000000001011    0.47690822046544395 
  7448.000000001011    0.47688966633287977 
  7449.000000001011     0.4768711120846411 
  7450.000000001011    0.47685255772182755 
  7451.000000001012     0.4768414509804335 
  7452.000000001012     0.4768303425758965 
  7453.000000001012    0.47681923250828046 
  7454.000000001013     0.4768081207781593 
  7455.000000001013    0.47679700738610503 
  7456.000000001013    0.47678589233167407 
  7457.000000001013     0.4767747756159473 
  7458.000000001013     0.4767636572389892 
  7459.000000001014    0.47675253720035554 
  7460.000000001014     0.4767414155011201 
  7461.000000001014    0.47672285554638444 
  7462.000000001015     0.4767042954800378 
  7463.000000001015     0.4766857353026609 
  7464.000000001015     0.4766671750143271 
  7465.000000001015     0.4766486146161263 
  7466.000000001015    0.47663005410711373 
  7467.000000001016    0.47661149348888787 
  7468.000000001016     0.4765929327610127 
  7469.000000001016    0.47657437192407004 
  7470.000000001017     0.4765558109787325 
  7471.000000001017     0.4766283337277128 
  7472.000000001017     0.4767008454282264 
  7473.000000001017    0.47677334607998767 
  7474.000000001017    0.47684583568322075 
  7475.000000001018    0.47691831423754083 
  7476.000000001018     0.4768926556822773 
  7477.000000001018     0.4768669966382356 
  7478.000000001019    0.47684133710557575 
  7479.000000001019    0.47681567708445793 
  7480.000000001019     0.4767900165750148 
  7481.000000001019     0.4767375940725928 
  7482.000000001019     0.4766851734228056 
 7483.0000000010195     0.4766327546269785 
 7484.0000000010195    0.47658033768491304 
 7485.0000000010195    0.47652792259691773 
   7486.00000000102     0.4764755093643179 
   7487.00000000102     0.4764230979874222 
   7488.00000000102     0.4763706884670471 
   7489.00000000102    0.47631828080299343 
   7490.00000000102    0.47626587499612233 
  7491.000000001021     0.4762571778928359 
  7492.000000001021     0.4762484800299809 
  7493.000000001021    0.47623978140811746 
  7494.000000001022     0.4762310820272988 
  7495.000000001022     0.4762223818875779 
  7496.000000001022     0.4762136809900226 
  7497.000000001022     0.4762049793336705 
  7498.000000001022     0.4761962769200969 
  7499.000000001023     0.4761875737488472 
  7500.000000001023      0.476178869820477 
  7501.000000001023     0.4761651063342612 
  7502.000000001024    0.47615134237426165 
  7503.000000001024    0.47613757794003936 
  7504.000000001024     0.4761238130316625 
  7505.000000001024    0.47611004765031484 
  7506.000000001024     0.4761942439933432 
  7507.000000001025     0.4762784341981202 
  7508.000000001025     0.4763626182647823 
  7509.000000001025     0.4764467961929593 
  7510.000000001026     0.4765309679831553 
  7511.000000001026     0.4764784196554159 
  7512.000000001026    0.47642587321390284 
  7513.000000001026    0.47637332865892146 
  7514.000000001026     0.4763207859912851 
  7515.000000001027    0.47626824521180705 
  7516.000000001027    0.47621570632028604 
  7517.000000001027    0.47616316931804104 
  7518.000000001028     0.4761106342048717 
  7519.000000001028     0.4760581009820961 
  7520.000000001028     0.4760055696495812 
  7521.000000001028     0.4760184316432459 
  7522.000000001028     0.4760312931669091 
  7523.000000001029      0.476044154220525 
  7524.000000001029    0.47605701480404755 
  7525.000000001029     0.4760698749179376 
   7526.00000000103     0.4760827345621493 
   7527.00000000103    0.47609559373714333 
   7528.00000000103     0.4761084524433804 
   7529.00000000103     0.4761213106803079 
   7530.00000000103    0.47613416844840933 
 7531.0000000010305    0.47616859119476734 
 7532.0000000010305     0.4762029910427776 
 7533.0000000010305     0.4762373679946242 
  7534.000000001031     0.4762717220529974 
  7535.000000001031    0.47630605322048747 
  7536.000000001031     0.4762419805988778 
  7537.000000001031     0.4761775322009954 
  7538.000000001031    0.47611290424976654 
  7539.000000001032    0.47604827834040686 
  7540.000000001032    0.47598382145054563 
  7541.000000001032     0.4759804981704163 
  7542.000000001033     0.4759776301903343 
  7543.000000001033    0.47597534091865323 
  7544.000000001033     0.4759737392410304 
  7545.000000001033    0.47597291952580034 
  7546.000000001033    0.47597296136533856 
  7547.000000001034    0.47597393018330486 
  7548.000000001034    0.47597587688158827 
  7549.000000001034    0.47597883784074096 
  7550.000000001035    0.47598283491992505 
  7551.000000001035    0.47595503174849274 
  7552.000000001035     0.4759282650574937 
  7553.000000001035    0.47590251293329155 
  7554.000000001035     0.4758777389482343 
  7555.000000001036     0.4758538921647824 
  7556.000000001036    0.47583090739742445 
  7557.000000001036    0.47580870460561886 
  7558.000000001037     0.4757871892555881 
  7559.000000001037    0.47576625232475905 
  7560.000000001037     0.4757457703045346 
  7561.000000001037     0.4757303208052031 
  7562.000000001037    0.47571503535776527 
  7563.000000001038     0.4756997470197413 
  7564.000000001038      0.475684274370622 
  7565.000000001038     0.4756684215160975 
  7566.000000001039    0.47574964790319335 
  7567.000000001039     0.4758308659552086 
  7568.000000001039     0.4759120756172388 
  7569.000000001039    0.47599327683730736 
  7570.000000001039     0.4760744695640205 
   7571.00000000104    0.47607981086327694 
   7572.00000000104     0.4760851508206948 
   7573.00000000104    0.47609048939065235 
 7574.0000000010405    0.47609582652776955 
 7575.0000000010405    0.47610116218667886 
 7576.0000000010405    0.47610649632017654 
 7577.0000000010405    0.47611182917705847 
 7578.0000000010405     0.4761171607934899 
  7579.000000001041     0.4761224912101586 
  7580.000000001041    0.47612782047114205 
  7581.000000001041    0.47572682590905035 
  7582.000000001042    0.47532584709804576 
  7583.000000001042    0.47492488410279743 
  7584.000000001042    0.47452393699292866 
  7585.000000001042     0.4741230058352364 
  7586.000000001042     0.4697188368142121 
  7587.000000001043    0.46531521696830946 
  7588.000000001043     0.4609119460690434 
  7589.000000001043    0.45650884506794764 
  7590.000000001044    0.45210575539675896 
  7591.000000001044    0.43450605901804257 
  7592.000000001044    0.41690784229139005 
  7593.000000001044    0.39931105234556535 
  7594.000000001044     0.3817156661801367 
  7595.000000001045    0.36412168796220434 
  7596.000000001045    0.33842719734547744 
  7597.000000001045     0.3127352067307817 
  7598.000000001046    0.28704583567328895 
  7599.000000001046    0.26135922262222105 
  7600.000000001046    0.23567552102612765 
  7601.000000001046    0.22201205762263548 
  7602.000000001046    0.20834827740678435 
  7603.000000001047    0.19468427860132173 
  7604.000000001047    0.18102016244519345 
  7605.000000001047    0.16735603114279163 
  7606.000000001048    0.16881722868698026 
  7607.000000001048    0.17027810176423203 
  7608.000000001048    0.17173867720102712 
  7609.000000001048    0.17319898826406963 
  7610.000000001048     0.1746590749070967 
  7611.000000001049     0.1884934705105653 
  7612.000000001049     0.2023246744348748 
  7613.000000001049    0.21615274824495878 
   7614.00000000105    0.22997777991483548 
   7615.00000000105    0.24379988592375454 
   7616.00000000105     0.2583017775010636 
   7617.00000000105    0.27280045494239863 
   7618.00000000105    0.28729591843377456 
 7619.0000000010505     0.3017881681611894 
 7620.0000000010505     0.3162772042761881 
 7621.0000000010505    0.31421808283013597 
  7622.000000001051     0.3121591219736217 
  7623.000000001051     0.3101003217086275 
  7624.000000001051     0.3080416820376465 
  7625.000000001051     0.3059832029510637 
  7626.000000001051      0.298175744306187 
  7627.000000001052    0.29036889776080194 
  7628.000000001052     0.2825626633226284 
  7629.000000001052     0.2747570409994079 
  7630.000000001053     0.2669520308162221 
  7631.000000001053    0.26702657508595457 
  7632.000000001053    0.26710110349370825 
  7633.000000001053    0.26717561604131984 
  7634.000000001053      0.267250112729113 
  7635.000000001054    0.26732459356747246 
  7636.000000001054     0.2716836756464714 
  7637.000000001054    0.27604200735405815 
  7638.000000001055      0.280399588732705 
  7639.000000001055     0.2847564198228587 
  7640.000000001055     0.2891125006679466 
  7641.000000001055    0.29436431524548723 
  7642.000000001055    0.29961595889871717 
  7643.000000001056    0.30486743161046476 
  7644.000000001056     0.3101187333625339 
  7645.000000001056     0.3153698641397919 
  7646.000000001057    0.32159417189778544 
  7647.000000001057     0.3278182770402793 
  7648.000000001057     0.3340421795461618 
  7649.000000001057     0.3402658793948047 
  7650.000000001057    0.34648937656384987 
  7651.000000001058     0.3520061410408189 
  7652.000000001058    0.35752193045382924 
  7653.000000001058    0.36303674483515813 
  7654.000000001059     0.3685505842165719 
  7655.000000001059       0.37406344862863 
  7656.000000001059    0.37840801261917933 
  7657.000000001059     0.3827518071019032 
  7658.000000001059     0.3870948321018599 
   7659.00000000106    0.39143708764510876 
   7660.00000000106    0.39577857375561876 
   7661.00000000106     0.3995502241885363 
 7662.0000000010605    0.40332147934123713 
 7663.0000000010605    0.40709233921397564 
 7664.0000000010605     0.4108628038069964 
 7665.0000000010605    0.41463287312026403 
 7666.0000000010605     0.4185969721277011 
  7667.000000001061     0.4225606555852361 
  7668.000000001061     0.4265239234922859 
  7669.000000001061     0.4304867758487615 
  7670.000000001062    0.43444921265161085 
  7671.000000001062     0.4370261466862836 
  7672.000000001062    0.43960251594910127 
  7673.000000001062     0.4421783204875537 
  7674.000000001062    0.44475356034962715 
  7675.000000001063    0.44732823558207846 
  7676.000000001063    0.44873679611801814 
  7677.000000001063     0.4501450442361508 
  7678.000000001064    0.45155297996468713 
  7679.000000001064     0.4529606033293204 
  7680.000000001064    0.45436791435678564 
  7681.000000001064     0.4553313178548231 
  7682.000000001064    0.45629468899730957 
  7683.000000001065    0.45725802778135693 
  7684.000000001065     0.4582213342040727 
  7685.000000001065     0.4591846082617553 
  7686.000000001066     0.4598558580949732 
  7687.000000001066    0.46052659423009734 
  7688.000000001066      0.461197067656969 
  7689.000000001066     0.4618675120602292 
  7690.000000001066      0.462538143683731 
  7691.000000001067    0.46305870043994257 
  7692.000000001067     0.4635796976739979 
  7693.000000001067     0.4641012977782209 
  7694.000000001068     0.4646236449763286 
  7695.000000001068    0.46514686521976595 
  7696.000000001068    0.46586505525818706 
  7697.000000001068    0.46658426781159806 
  7698.000000001068    0.46730457498538314 
  7699.000000001069    0.46802603026918704 
  7700.000000001069     0.4687486683917695 
  7701.000000001069     0.4692250356986019 
   7702.00000000107    0.46970274840377507 
   7703.00000000107     0.4701817819644101 
   7704.00000000107     0.4706620925957341 
   7705.00000000107     0.4711436171733333 
   7706.00000000107     0.4713356395638534 
 7707.0000000010705    0.47152881778154554 
 7708.0000000010705    0.47172296382369255 
 7709.0000000010705     0.4719178750034861 
  7710.000000001071    0.47211333391942323 
  7711.000000001071     0.4722121648466354 
  7712.000000001071     0.4723110636358517 
  7713.000000001071    0.47240976867875834 
  7714.000000001071     0.4725080037587783 
  7715.000000001072     0.4726054780397168 
  7716.000000001072    0.47260494145053245 
  7717.000000001072    0.47260409691334093 
  7718.000000001073    0.47260292762405465 
  7719.000000001073     0.4726014215825033 
  7720.000000001073    0.47259957159472393 
  7721.000000001073    0.47256961000825504 
  7722.000000001073     0.4725393046068382 
  7723.000000001074     0.4725086626689177 
  7724.000000001074     0.4724776962734249 
  7725.000000001074     0.4724464222980053 
  7726.000000001075     0.4724148624155623 
  7727.000000001075     0.4723830431188124 
  7728.000000001075     0.4723509956726189 
  7729.000000001075     0.4723187561328256 
  7730.000000001075     0.4722863653430341 
  7731.000000001076     0.4723999819246618 
  7732.000000001076    0.47251355001045314 
  7733.000000001076    0.47262712479845925 
  7734.000000001077     0.4727407663430833 
  7735.000000001077     0.4728545395585264 
  7736.000000001077     0.4728721994041645 
  7737.000000001077    0.47289023482553444 
  7738.000000001077     0.4729084512911085 
  7739.000000001078    0.47292666865860616 
  7740.000000001078     0.4729447211811899 
  7741.000000001078     0.4729022894917568 
  7742.000000001079    0.47285940525857006 
  7743.000000001079     0.4728159461474214 
  7744.000000001079     0.4727718042806852 
  7745.000000001079     0.4727268862334445 
  7746.000000001079     0.4726811130250372 
   7747.00000000108     0.4726344201154903 
   7748.00000000108     0.4725867573947493 
   7749.00000000108    0.47253808917819323 
 7750.0000000010805     0.4724883941989216 
 7751.0000000010805    0.47248242725071155 
 7752.0000000010805    0.47247543169373346 
 7753.0000000010805     0.4724674291812903 
 7754.0000000010805     0.4724584557659787 
  7755.000000001081     0.4724485618982384 
  7756.000000001081     0.4724378124231323 
  7757.000000001081     0.4724262865789017 
  7758.000000001082    0.47241407799332635 
  7759.000000001082     0.4724012946814659 
  7760.000000001082     0.4723880590433071 
  7761.000000001082    0.47235250265503287 
  7762.000000001082     0.4723167835719674 
  7763.000000001083    0.47228106733042063 
  7764.000000001083     0.4722455338073904 
  7765.000000001083     0.4722103772159368 
  7766.000000001084     0.4721758060996027 
  7767.000000001084    0.47214123621779663 
  7768.000000001084    0.47210666757059244 
  7769.000000001084      0.472072100158063 
  7770.000000001084    0.47203753398078735 
  7771.000000001085     0.4720080617525978 
  7772.000000001085    0.47197859023058497 
  7773.000000001085      0.471949119416329 
  7774.000000001086    0.47191964930940855 
  7775.000000001086    0.47189017991040316 
  7776.000000001086     0.4718607112193918 
  7777.000000001086    0.47183124323695314 
  7778.000000001086    0.47180177596316625 
  7779.000000001087    0.47177230939811027 
  7780.000000001087      0.471742843541862 
  7781.000000001087     0.4717119890079078 
  7782.000000001088     0.4716811346388325 
  7783.000000001088     0.4716502804342966 
  7784.000000001088    0.47161942639496085 
  7785.000000001088     0.4715885725219856 
  7786.000000001088     0.4715577188145312 
  7787.000000001089     0.4715268652737581 
  7788.000000001089    0.47149601189982654 
  7789.000000001089     0.4714651586928969 
   7790.00000000109    0.47143430565374755 
   7791.00000000109     0.4715123079138111 
   7792.00000000109    0.47159030253237844 
   7793.00000000109     0.4716682895088177 
   7794.00000000109    0.47174626884399656 
 7795.0000000010905      0.471824240537679 
 7796.0000000010905     0.4718056220676699 
 7797.0000000010905     0.4717870035799324 
  7798.000000001091    0.47176838507452845 
  7799.000000001091     0.4717497665515197 
  7800.000000001091     0.4717311480109333 
  7801.000000001091     0.4716809368083327 
  7802.000000001091    0.47163072898648695 
  7803.000000001092     0.4715805245468698 
  7804.000000001092    0.47153032348845875 
  7805.000000001092    0.47148012581222787 
  7806.000000001093     0.4714299315181527 
  7807.000000001093     0.4713797406062084 
  7808.000000001093    0.47132955307686963 
  7809.000000001093    0.47127936893011135 
  7810.000000001093    0.47122918816594217 
  7811.000000001094    0.47120924235140277 
  7812.000000001094     0.4711892962568096 
  7813.000000001094     0.4711693498827521 
  7814.000000001095    0.47114940322932103 
  7815.000000001095    0.47112945629660646 
  7816.000000001095     0.4711095090851978 
  7817.000000001095     0.4710895615951854 
  7818.000000001095    0.47106961382715845 
  7819.000000001096     0.4710496657807087 
  7820.000000001096     0.4710297174569142 
  7821.000000001096    0.47100152819688373 
  7822.000000001097    0.47097333977926975 
  7823.000000001097     0.4709451522051203 
  7824.000000001097     0.4709169654744854 
  7825.000000001097    0.47088877958791353 
  7826.000000001097    0.47086059454445855 
  7827.000000001098     0.4708324103456653 
  7828.000000001098     0.4708042269910856 
  7829.000000001098      0.470776044481268 
  7830.000000001099     0.4707478628167601 
  7831.000000001099    0.47071941454676036 
  7832.000000001099     0.4706909670421046 
  7833.000000001099     0.4706625203023573 
  7834.000000001099    0.47063407432807747 
    7835.0000000011     0.4706056291188293 
    7836.0000000011     0.4705771846761687 
    7837.0000000011     0.4705487409991608 
 7838.0000000011005     0.4705202980883654 
 7839.0000000011005    0.47049185594434184 
 7840.0000000011005     0.4704634145671563 
 7841.0000000011005     0.4704387215691672 
 7842.0000000011005     0.4704140287989371 
  7843.000000001101     0.4703893362555523 
  7844.000000001101    0.47036464394009153 
  7845.000000001101    0.47033995185213917 
  7846.000000001102      0.470315259993272 
  7847.000000001102    0.47029056836207833 
  7848.000000001102     0.4702658769601348 
  7849.000000001102    0.47024118578702534 
  7850.000000001102     0.4702164948433015 
  7851.000000001103     0.4701653047021159 
  7852.000000001103     0.4701141175170685 
  7853.000000001103     0.4700629332897196 
  7854.000000001104    0.47001175201963913 
  7855.000000001104     0.4699605737073917 
  7856.000000001104     0.4699093983530452 
  7857.000000001104     0.4698582259571638 
  7858.000000001104      0.469807056519317 
  7859.000000001105    0.46975589004056734 
  7860.000000001105     0.4697047265204375 
  7861.000000001105    0.46961165244681224 
  7862.000000001106     0.4695185763000097 
  7863.000000001106    0.46942549808070916 
  7864.000000001106     0.4693324177895898 
  7865.000000001106     0.4692393354279342 
  7866.000000001106    0.46924240722621485 
  7867.000000001107     0.4692454782137334 
  7868.000000001107     0.4692485483904809 
  7869.000000001107    0.46925161775595137 
  7870.000000001108    0.46925468631095857 
  7871.000000001108     0.4691026859691122 
  7872.000000001108    0.46895071250767945 
  7873.000000001108     0.4687987659253667 
  7874.000000001108     0.4686468462193888 
  7875.000000001109    0.46849495338756436 
  7876.000000001109     0.4684391775148368 
  7877.000000001109     0.4683834056312826 
   7878.00000000111     0.4683276377363809 
   7879.00000000111     0.4682718738306037 
   7880.00000000111     0.4682161139139023 
   7881.00000000111    0.46813839861819184 
   7882.00000000111    0.46806067525421063 
 7883.0000000011105     0.4679829438223875 
 7884.0000000011105     0.4679052043231513 
 7885.0000000011105     0.4678274567568243 
  7886.000000001111    0.46765363423146983 
  7887.000000001111    0.46747979611966256 
  7888.000000001111    0.46730594242285634 
  7889.000000001111    0.46713207314151256 
  7890.000000001111     0.4669581882764949 
  7891.000000001112    0.46669967456720607 
  7892.000000001112    0.46644122116103953 
  7893.000000001112    0.46618282805177363 
  7894.000000001113     0.4659244952321946 
  7895.000000001113    0.46566622269629504 
  7896.000000001113    0.46560001043976623 
  7897.000000001113     0.4655338038490462 
  7898.000000001113    0.46546760292404105 
  7899.000000001114     0.4654014076646562 
  7900.000000001114     0.4653352180718318 
  7901.000000001114    0.46530602570448976 
  7902.000000001115     0.4652768340740169 
  7903.000000001115     0.4652476431799892 
  7904.000000001115     0.4652184530234714 
  7905.000000001115     0.4651892636045354 
  7906.000000001115     0.4651600749232535 
  7907.000000001116     0.4651308869792022 
  7908.000000001116     0.4651016997739411 
  7909.000000001116    0.46507251330704674 
  7910.000000001117     0.4650433275787875 
  7911.000000001117    0.46519039720413974 
  7912.000000001117     0.4653374325125327 
  7913.000000001117     0.4654844335072282 
  7914.000000001117    0.46563140019099125 
  7915.000000001118    0.46577833256736517 
  7916.000000001118    0.46573357073523697 
  7917.000000001118     0.4656888114411093 
  7918.000000001119    0.46564405468599335 
  7919.000000001119    0.46559930046941467 
  7920.000000001119    0.46555454879185737 
  7921.000000001119     0.4654819472594478 
  7922.000000001119     0.4654093362447299 
   7923.00000000112    0.46533671574778246 
   7924.00000000112     0.4652640857686851 
   7925.00000000112    0.46519144630822656 
 7926.0000000011205    0.46531044087410134 
 7927.0000000011205    0.46542944505083933 
 7928.0000000011205     0.4655484588372172 
 7929.0000000011205    0.46566748223399307 
 7930.0000000011205    0.46578651524205184 
  7931.000000001121    0.46601853697545664 
  7932.000000001121    0.46625049421340453 
  7933.000000001121     0.4664823869631387 
  7934.000000001122     0.4667142152319015 
  7935.000000001122    0.46694597902792623 
  7936.000000001122     0.4671776783579603 
  7937.000000001122     0.4674093132302361 
  7938.000000001122    0.46764088365199635 
  7939.000000001123    0.46787238962998723 
  7940.000000001123     0.4681038311721913 
  7941.000000001123    0.46811262430427575 
  7942.000000001124    0.46812141634520404 
  7943.000000001124     0.4681302072949275 
  7944.000000001124      0.468138997153893 
  7945.000000001124    0.46814778592194356 
  7946.000000001124     0.4680608360586394 
  7947.000000001125     0.4679738815115503 
  7948.000000001125     0.4678869222809998 
  7949.000000001125    0.46779995836830085 
  7950.000000001126     0.4677129897731313 
  7951.000000001126     0.4674921327271272 
  7952.000000001126    0.46727130049175947 
  7953.000000001126    0.46705049306607327 
  7954.000000001126     0.4668297104491153 
  7955.000000001127    0.46660895264010227 
  7956.000000001127    0.46610109370918035 
  7957.000000001127    0.46559329566504093 
  7958.000000001128     0.4650855585054383 
  7959.000000001128     0.4645778822286233 
  7960.000000001128     0.4640702668332225 
  7961.000000001128     0.4638985829360908 
  7962.000000001128      0.463726881883199 
  7963.000000001129    0.46355516367646327 
  7964.000000001129    0.46338342831681206 
  7965.000000001129    0.46321167580681044 
   7966.00000000113     0.4636141598529567 
   7967.00000000113     0.4640166754618424 
   7968.00000000113    0.46441922263129104 
   7969.00000000113    0.46482180136011336 
   7970.00000000113     0.4652244116444968 
 7971.0000000011305     0.4654930873632381 
 7972.0000000011305      0.465761740281785 
 7973.0000000011305    0.46603037040062967 
  7974.000000001131     0.4662989777192729 
  7975.000000001131    0.46656756223848483 
  7976.000000001131     0.4666447192342841 
  7977.000000001131     0.4667218686477532 
  7978.000000001131    0.46679901047925937 
  7979.000000001132     0.4668761447291681 
  7980.000000001132    0.46695327139728565 
  7981.000000001132    0.46697171969380824 
  7982.000000001133     0.4669901675855401 
  7983.000000001133      0.467008615073393 
  7984.000000001133    0.46702706215629924 
  7985.000000001133     0.4670455088351715 
  7986.000000001133    0.46706395510993176 
  7987.000000001134     0.4670824009809968 
  7988.000000001134     0.4671008464472996 
  7989.000000001134    0.46711929151024706 
  7990.000000001135     0.4671377361697314 
  7991.000000001135    0.46712995176442795 
  7992.000000001135    0.46712216690434877 
  7993.000000001135    0.46711438158952495 
  7994.000000001135      0.467106595820482 
  7995.000000001136     0.4670988095970333 
  7996.000000001136    0.46689959217301064 
  7997.000000001136     0.4667003806780659 
  7998.000000001137     0.4665011751126983 
  7999.000000001137     0.4663019754783973 
  8000.000000001137    0.46610278177566883 
  8001.000000001137     0.4659085782978009 
  8002.000000001137     0.4657143765978489 
  8003.000000001138    0.46552017667686385 
  8004.000000001138     0.4653259785349085 
  8005.000000001138    0.46513178217374607 
  8006.000000001139    0.46512899870387414 
  8007.000000001139    0.46512621472495297 
  8008.000000001139    0.46512343023650204 
  8009.000000001139     0.4651206452390306 
  8010.000000001139     0.4651178597324977 
   8011.00000000114       0.46506706090736 
   8012.00000000114     0.4650162649714002 
   8013.00000000114     0.4649654719247038 
 8014.0000000011405     0.4649146817678509 
 8015.0000000011405    0.46486389450153015 
 8016.0000000011405    0.46490875068257853 
 8017.0000000011405    0.46495358885600474 
 8018.0000000011405     0.4649984090249561 
  8019.000000001141    0.46504321119010883 
  8020.000000001141    0.46508799535406803 
  8021.000000001141    0.46509097369047625 
  8022.000000001142    0.46509395134542797 
  8023.000000001142    0.46509692831842214 
  8024.000000001142    0.46509990461044026 
  8025.000000001142     0.4651028802209818 
  8026.000000001142    0.46510585515053354 
  8027.000000001143     0.4651088293995829 
  8028.000000001143     0.4651118029676294 
  8029.000000001143       0.46511477585516 
  8030.000000001144    0.46511774806273454 
  8031.000000001144    0.46518408466697536 
  8032.000000001144    0.46525041001200046 
  8033.000000001144     0.4653167240981447 
  8034.000000001144     0.4653830269262374 
  8035.000000001145    0.46544931849650484 
  8036.000000001145     0.4654200300151734 
  8037.000000001145    0.46516889290548374 
  8038.000000001146     0.4649177844887618 
  8039.000000001146     0.4639519466667264 
  8040.000000001146    0.46298622750310703 
  8041.000000001146    0.46202056333798897 
  8042.000000001146     0.4610550180868394 
  8043.000000001147     0.4600895917450141 
  8044.000000001147    0.45912428430789776 
  8045.000000001147     0.4581837332793306 
  8046.000000001148    0.45743107762583496 
  8047.000000001148    0.45665311078657156 
  8048.000000001148     0.4558744704102809 
  8049.000000001148     0.4550951566398198 
  8050.000000001148     0.4543151696171486 
  8051.000000001149     0.4536066374272016 
  8052.000000001149     0.4528971937503289 
  8053.000000001149     0.4521868383578391 
   8054.00000000115    0.45147557101961416 
   8055.00000000115      0.450788134254642 
   8056.00000000115    0.44991579543158305 
   8057.00000000115     0.4490185351844889 
   8058.00000000115    0.44812109625218266 
 8059.0000000011505     0.4472234786240996 
 8060.0000000011505    0.44632568228914643 
 8061.0000000011505      0.445377747209092 
  8062.000000001151     0.4444298423727217 
  8063.000000001151     0.4435067211861354 
  8064.000000001151    0.44258362944238805 
  8065.000000001151     0.4416358145478868 
  8066.000000001151     0.4406880299082887 
  8067.000000001152     0.4397402755272273 
  8068.000000001152     0.4387925514074028 
  8069.000000001152    0.43784485755151475 
  8070.000000001153    0.43689719396224835 
  8071.000000001153     0.4359382371414585 
  8072.000000001153     0.4349794636654698 
  8073.000000001153     0.4333033200578178 
  8074.000000001153    0.43162750194732463 
  8075.000000001154     0.4297046261076286 
  8076.000000001154    0.42778212474387495 
  8077.000000001154    0.42588473124951864 
  8078.000000001155     0.4239877072791187 
  8079.000000001155     0.4220663242923059 
  8080.000000001155    0.42014531568253544 
  8081.000000001155     0.4182112538099925 
  8082.000000001155    0.41627767332493654 
  8083.000000001156     0.4143692907166735 
  8084.000000001156    0.41246138332045884 
  8085.000000001156    0.41052924145497544 
  8086.000000001157     0.4085975816096181 
  8087.000000001157    0.40669110728520796 
  8088.000000001157     0.4047851088003951 
  8089.000000001157     0.4028548894697332 
  8090.000000001157     0.4009251527927761 
  8091.000000001158    0.39897544619868514 
  8092.000000001158    0.39702665283402505 
  8093.000000001158    0.39505409714831025 
  8094.000000001159     0.3930824665960591 
  8095.000000001159     0.3911364244577884 
  8096.000000001159     0.3892711456741249 
  8097.000000001159    0.38738135307530325 
  8098.000000001159      0.385491710033647 
   8099.00000000116     0.3836268759864458 
   8100.00000000116     0.3817621895283169 
   8101.00000000116    0.37988171676835314 
 8102.0000000011605      0.378001307100835 
 8103.0000000011605    0.37614561773301514 
 8104.0000000011605    0.37428999063353496 
 8105.0000000011605     0.3724097694398853 
 8106.0000000011605    0.37037759921245894 
  8107.000000001161     0.3683716700478234 
  8108.000000001161    0.36636732550804624 
  8109.000000001161    0.36433995128357816 
  8110.000000001162    0.36231418260336706 
  8111.000000001162     0.3602563858158307 
  8112.000000001162    0.35820075259231005 
  8113.000000001162    0.35612272293432057 
  8114.000000001162     0.3540468862351396 
  8115.000000001163    0.35199777385875747 
  8116.000000001163     0.3500230252747901 
  8117.000000001163     0.3480251741126335 
  8118.000000001164      0.346028751672646 
  8119.000000001164    0.34405825144571744 
  8120.000000001164     0.3420891612919491 
  8121.000000001164    0.34013587287985886 
  8122.000000001164     0.3381836058232325 
  8123.000000001165     0.3362568239045862 
  8124.000000001165     0.3343310497192501 
  8125.000000001165     0.3323818324859599 
  8126.000000001166    0.32995514292831707 
  8127.000000001166     0.3275592829552035 
  8128.000000001166      0.325169800743975 
  8129.000000001166     0.3227624126424716 
  8130.000000001166     0.3203614839701104 
  8131.000000001167    0.31753209431181434 
  8132.000000001167     0.3147140649277033 
  8133.000000001167     0.3119314118859389 
  8134.000000001168     0.3091599708931766 
  8135.000000001168     0.3063758781940663 
  8136.000000001168     0.3041838997688665 
  8137.000000001168     0.3020202090514315 
  8138.000000001168    0.29986094168322913 
  8139.000000001169     0.2976823518739376 
  8140.000000001169     0.2955082455245435 
  8141.000000001169    0.29356992023631673 
   8142.00000000117    0.29163349290335083 
   8143.00000000117     0.2896752862717832 
   8144.00000000117    0.28771900465165007 
   8145.00000000117     0.2857883007835049 
   8146.00000000117    0.28343419423000926 
 8147.0000000011705     0.2810636646297538 
 8148.0000000011705     0.2787003662762888 
 8149.0000000011705     0.2763677601329033 
  8150.000000001171     0.2740422929134151 
  8151.000000001171    0.27160471097480293 
  8152.000000001171    0.26917578538186054 
  8153.000000001171     0.2667787557120172 
  8154.000000001171     0.2643902671617437 
  8155.000000001172     0.2619871913302268 
  8156.000000001172     0.2596497085195062 
  8157.000000001172     0.2573431276235937 
  8158.000000001173    0.25504432033151464 
  8159.000000001173    0.25273036442297997 
  8160.000000001173     0.2504242833232047 
  8161.000000001173    0.24837737163476262 
  8162.000000001173    0.24633503853909688 
  8163.000000001174    0.24427450565822734 
  8164.000000001174    0.24221861221312008 
  8165.000000001174    0.24019007543410545 
  8166.000000001175     0.2392284100554966 
  8167.000000001175    0.23823327266034966 
  8168.000000001175    0.23722738075742675 
  8169.000000001175    0.23623373462166922 
  8170.000000001175     0.2352294757617206 
  8171.000000001176    0.23346148512667106 
  8172.000000001176    0.23169371436126227 
  8173.000000001176    0.22994922988557034 
  8174.000000001177    0.22820496237395294 
  8175.000000001177     0.2264378482746981 
  8176.000000001177    0.22378409498341353 
  8177.000000001177    0.22116738754342855 
  8178.000000001177    0.21856465983665446 
  8179.000000001178    0.21595321558873914 
  8180.000000001178     0.2133559307881045 
  8181.000000001178    0.21231650787235884 
  8182.000000001179    0.21126617086061472 
  8183.000000001179     0.2102277359993104 
  8184.000000001179    0.20917852727086467 
  8185.000000001179    0.20809557881750002 
  8186.000000001179     0.2068653421253763 
   8187.00000000118     0.2056495447672483 
   8188.00000000118    0.20442522138050184 
   8189.00000000118    0.20316917731197984 
 8190.0000000011805     0.2019044888776549 
 8191.0000000011805    0.20020969867809602 
   8192.00000000118    0.19851405743304412 
   8193.00000000118    0.19679429784600738 
   8194.00000000118     0.1950736757170641 
   8195.00000000118    0.19337546960319985 
  8196.000000001182     0.1916347524788969 
  8197.000000001182    0.18987066101342653 
  8198.000000001182    0.18810647382640258 
  8199.000000001182    0.18636547205368378 
  8200.000000001182    0.18462437582517147 
  8201.000000001182    0.18381623165112404 
  8202.000000001182    0.18298955819613819 
  8203.000000001182    0.18216800224716487 
  8204.000000001182    0.18132815749673845 
  8205.000000001184    0.18044612797191717 
  8206.000000001184    0.17931847922900876 
  8207.000000001184     0.1782009675193551 
  8208.000000001184    0.17706969740925846 
  8209.000000001184    0.17590040516057498 
  8210.000000001184    0.17471716709493215 
  8211.000000001184    0.17282112235273614 
  8212.000000001186    0.17092654353859643 
  8213.000000001186    0.16900910586405682 
  8214.000000001186     0.1670931538303687 
  8215.000000001186     0.1652029927869126 
  8216.000000001186    0.16300795599560408 
  8217.000000001186    0.16079701843111943 
  8218.000000001186    0.15859448573400023 
  8219.000000001186    0.15642444208846207 
  8220.000000001186    0.15426269329137438 
  8221.000000001188    0.15115590232668466 
  8222.000000001188     0.1480797206010237 
  8223.000000001188      0.145057573645804 
  8224.000000001188    0.14206563753680643 
  8225.000000001188    0.13908089592419226 
  8226.000000001188     0.1357339556801723 
  8227.000000001188    0.13245010718348688 
   8228.00000000119    0.12920633494877518 
   8229.00000000119    0.12598069465003736 
   8230.00000000119    0.12279567333691324 
   8231.00000000119    0.12179819067658332 
   8232.00000000119    0.12078301297805767 
   8233.00000000119     0.1197721696978195 
   8234.00000000119    0.11874386481259142 
   8235.00000000119    0.11767583689176815 
   8236.00000000119    0.11735541945066714 
  8237.000000001191    0.11701775929195463 
  8238.000000001191     0.1166405954319711 
  8239.000000001191     0.1162006139501123 
  8240.000000001191     0.1157206039334908 
  8241.000000001191    0.11443700949410114 
  8242.000000001191    0.11313832920112792 
  8243.000000001191    0.11180068615184723 
  8244.000000001193    0.11044776055609616 
  8245.000000001193    0.10910363373860966 
  8246.000000001193    0.10740596462447247 
  8247.000000001193    0.10568051303388565 
  8248.000000001193    0.10395135882818092 
  8249.000000001193    0.10224267905841758 
  8250.000000001193    0.10053034623597336 
  8251.000000001193     0.0985962800554353 
  8252.000000001193    0.09666573028335676 
  8253.000000001195    0.09476282899521665 
  8254.000000001195    0.09286339954734896 
  8255.000000001195     0.0909433583267416 
  8256.000000001195    0.08902683740917228 
  8257.000000001195    0.08713787580528372 
  8258.000000001195    0.08525238990215511 
  8259.000000001195    0.08334638918663546 
  8260.000000001197    0.08144391267016451 
  8261.000000001197    0.07984758339827983 
  8262.000000001197    0.07824216415922478 
  8263.000000001197    0.07660350532031163 
  8264.000000001197    0.07495563592384326 
  8265.000000001197    0.07332282729277366 
  8266.000000001197    0.07156151133651349 
  8267.000000001197    0.06977287831903231 
  8268.000000001197    0.06798119938420114 
  8269.000000001199    0.06621082579889839 
  8270.000000001199    0.06443744655241504 
  8271.000000001199   0.062277025975715834 
  8272.000000001199    0.06013480867230194 
  8273.000000001199    0.05803480936404713 
  8274.000000001199    0.05595278045445252 
  8275.000000001199    0.05386495458376202 
    8276.0000000012    0.05190635235897605 
    8277.0000000012    0.04998191310099096 
    8278.0000000012     0.0480678679602836 
    8279.0000000012    0.04614072578789293 
    8280.0000000012    0.04422412081564954 
    8281.0000000012    0.04341864526981371 
    8282.0000000012    0.04260969379830629 
    8283.0000000012    0.04179726635596908 
    8284.0000000012    0.04098136289781689 
  8285.000000001202    0.04018563590120134 
  8286.000000001202    0.03931068374583501 
  8287.000000001202    0.03841207023697609 
  8288.000000001202   0.037513447903456475 
  8289.000000001202   0.036614816751489546 
  8290.000000001202    0.03571617678740438 
  8291.000000001202    0.03484790780441087 
  8292.000000001204    0.03397806256536166 
  8293.000000001204     0.0331303563501272 
  8294.000000001204   0.032281115231569145 
  8295.000000001204    0.03140658226294167 
  8296.000000001204   0.030569539227957587 
  8297.000000001204    0.02972860870542744 
  8298.000000001204   0.028883790478075457 
  8299.000000001204   0.028035084328773392 
  8300.000000001204   0.027182490040359927 
  8301.000000001206   0.026305290328993022 
  8302.000000001206   0.025427328739941617 
  8303.000000001206   0.024524561584075694 
  8304.000000001206   0.023621011956160926 
  8305.000000001206    0.02271667985491374 
  8306.000000001206   0.021843728952064222 
  8307.000000001206   0.020967297907639453 
  8308.000000001208   0.020087386668572127 
  8309.000000001208   0.019228242650497874 
  8310.000000001208   0.018365709928649745 
  8311.000000001208   0.017439261829280264 
  8312.000000001208    0.01651316322208944 
  8313.000000001208   0.015587414145607471 
  8314.000000001208   0.014662014638352113 
  8315.000000001208   0.013736964738744929 
  8316.000000001208   0.012782804847223469 
   8317.00000000121   0.011857383443751599 
   8318.00000000121    0.01093643054975478 
   8319.00000000121    0.00999591779376315 
   8320.00000000121    0.00905999491726456 
   8321.00000000121   0.008163138916087463 
   8322.00000000121   0.007263167947130971 
   8323.00000000121   0.006360081862044348 
  8324.000000001211   0.005453880512606203 
  8325.000000001211   0.004568736962005669 
  8326.000000001211  0.0036828732093831104 
  8327.000000001211  0.0027685639171119293 
  8328.000000001211   0.001849982089359969 
  8329.000000001211  0.0009271275189698924 
  8330.000000001211                    0.0 
