# LSST_z
# photon
# LSST z version 1.7 https://github.com/lsst/throughputs
  8029.000000001143                     0.0 
  8030.000000001144   1.070662731230013e-12 
  8031.000000001144   0.0009362815274132447 
  8032.000000001144    0.001872830041345329 
  8033.000000001144     0.00278499946201222 
  8034.000000001144    0.003697428710761724 
  8035.000000001145    0.004634770757287687 
  8036.000000001145    0.005571235529830568 
  8037.000000001145    0.006482932481263458 
  8038.000000001146    0.007394514652062143 
  8039.000000001146    0.008330628877705045 
  8040.000000001146     0.00926662522949019 
  8041.000000001146    0.010177858581108524 
  8042.000000001146    0.011088976919275148 
  8043.000000001147    0.012024620865045849 
  8044.000000001147    0.012960146697756292 
  8045.000000001147    0.013870916914357068 
  8046.000000001148    0.014787642596771813 
  8047.000000001148    0.015729655798641287 
  8048.000000001148     0.01667231887134649 
  8049.000000001148    0.017615631674154673 
  8050.000000001148    0.018559594066286784 
  8051.000000001149    0.019482614967348044 
  8052.000000001149     0.02040656131673704 
  8053.000000001149    0.021356151107567806 
   8054.00000000115    0.022306691776941303 
   8055.00000000115    0.023233440808236867 
   8056.00000000115      0.0241512383875223 
   8057.00000000115     0.02509395914339669 
   8058.00000000115       0.026036860337872 
 8059.0000000011505    0.026955189741081513 
 8060.0000000011505    0.027873694857366096 
 8061.0000000011505     0.02881390049867244 
  8062.000000001151    0.029754075445734003 
  8063.000000001151     0.03069421969590414 
  8064.000000001151     0.03163433324651091 
  8065.000000001151     0.03254966349908722 
  8066.000000001151    0.033464963854007886 
  8067.000000001152     0.03440498609724226 
  8068.000000001152     0.03534497763030434 
  8069.000000001152    0.036260187469374386 
  8070.000000001153     0.03717536740040909 
  8071.000000001153       0.038112113835854 
  8072.000000001153     0.03904867412024324 
  8073.000000001153    0.039960305043108074 
  8074.000000001153     0.04087175474260526 
  8075.000000001154    0.041807761551203276 
  8076.000000001154    0.042743582258550905 
  8077.000000001154     0.04365448345881715 
  8078.000000001155    0.044565203484571506 
  8079.000000001155     0.04550047086479742 
  8080.000000001155     0.04643555219469602 
  8081.000000001155     0.04828367100563865 
  8082.000000001155     0.05013130175435724 
  8083.000000001156    0.051978444283780706 
  8084.000000001156     0.05382509843693561 
  8085.000000001156    0.055671264056732304 
  8086.000000001157    0.057516940986069055 
  8087.000000001157     0.05936212906801848 
  8088.000000001157     0.06120682814549465 
  8089.000000001157     0.06307573490354833 
  8090.000000001157      0.0649441458416752 
  8091.000000001158     0.06677981449216452 
  8092.000000001158     0.06861457757796137 
  8093.000000001158     0.07044843519043928 
  8094.000000001159      0.0722813874210422 
  8095.000000001159     0.07411343436131392 
  8096.000000001159     0.07596015767339166 
  8097.000000001159     0.07780673344748597 
  8098.000000001159     0.07965316168430998 
   8099.00000000116     0.08149944238449931 
   8100.00000000116       0.083345575548783 
   8101.00000000116     0.08519351755648492 
 8102.0000000011605     0.08704139687582471 
 8103.0000000011605     0.08888921350167052 
 8104.0000000011605     0.09073696742901392 
 8105.0000000011605     0.09260931501967899 
 8106.0000000011605      0.0944428373850551 
  8107.000000001161     0.09625012471860589 
  8108.000000001161     0.09805583345971396 
  8109.000000001161     0.09985996368045151 
  8110.000000001162     0.10166251545277362 
  8111.000000001162      0.1034467691739545 
  8112.000000001162     0.10522884348523448 
  8113.000000001162     0.10700873819760942 
  8114.000000001162     0.10878645312219287 
  8115.000000001163     0.11056198807037199 
  8116.000000001163     0.11235851911514297 
  8117.000000001163     0.11415362979877454 
  8118.000000001164     0.11594731999400204 
  8119.000000001164     0.11773958957356617 
  8120.000000001164     0.11953043841025895 
  8121.000000001164     0.12135820795762603 
  8122.000000001164     0.12318496901262194 
  8123.000000001165     0.12498625779329373 
  8124.000000001165     0.12678655170336797 
  8125.000000001165     0.12858585089628513 
  8126.000000001166     0.13019534934308766 
  8127.000000001166     0.13179856888677094 
  8128.000000001166     0.13339551072114236 
  8129.000000001166     0.13498617603970067 
  8130.000000001166      0.1365705660356942 
  8131.000000001167     0.13795972043121432 
  8132.000000001167     0.13933758049460787 
  8133.000000001167     0.14070414522128977 
  8134.000000001168      0.1420594136069218 
  8135.000000001168     0.14340338464774097 
  8136.000000001168       0.145012916959185 
  8137.000000001168      0.1466179922430103 
  8138.000000001168     0.14821861009301057 
  8139.000000001169     0.14983851630219336 
  8140.000000001169     0.15145390497262531 
  8141.000000001169     0.15314939480710524 
   8142.00000000117     0.15484293335951393 
   8143.00000000117      0.1565345199919954 
   8144.00000000117     0.15822415406646312 
   8145.00000000117     0.15991183494466454 
   8146.00000000117     0.16135544235472654 
 8147.0000000011705     0.16279173535831218 
 8148.0000000011705     0.16422071177842884 
 8149.0000000011705      0.1656423694369959 
  8150.000000001171     0.16705670615659185 
  8151.000000001171      0.1684042623283013 
  8152.000000001171     0.16974335921159625 
  8153.000000001171     0.17107399780770374 
  8154.000000001171     0.17239617911729527 
  8155.000000001172     0.17373303154232678 
  8156.000000001172      0.1750997145648979 
  8157.000000001172      0.1764355718902881 
  8158.000000001173     0.17776373182881947 
  8159.000000001173     0.17908419529067202 
  8160.000000001173      0.1803969631864245 
  8161.000000001173      0.1818693342864803 
  8162.000000001173     0.18333713331623003 
  8163.000000001174     0.18480036035464276 
  8164.000000001174     0.18625901548072568 
  8165.000000001174     0.18771309877515394 
  8166.000000001175      0.1900063329282492 
  8167.000000001175     0.19231016339759047 
  8168.000000001175     0.19462458997749008 
  8169.000000001175     0.19694961246261752 
  8170.000000001175      0.1992852306461908 
  8171.000000001176     0.20102602583326373 
  8172.000000001176     0.20276660187911183 
  8173.000000001176      0.2044838923637176 
  8174.000000001177      0.2062009666122618 
  8175.000000001177     0.20791782463179664 
  8176.000000001177      0.2088069619623696 
  8177.000000001177     0.20968233235477016 
  8178.000000001177     0.21054393837873647 
  8179.000000001178     0.21139178260268007 
  8180.000000001178      0.2122258675993798 
  8181.000000001178     0.21460655137225984 
  8182.000000001179     0.21699819875625484 
  8183.000000001179     0.21940081207764456 
  8184.000000001179     0.22181439366306066 
  8185.000000001179     0.22423894583881915 
  8186.000000001179     0.22652514651146485 
   8187.00000000118      0.2288200242852319 
   8188.00000000118     0.23112358099029823 
   8189.00000000118     0.23345901128556484 
 8190.0000000011805     0.23580323885719887 
 8191.0000000011805     0.23760512155103447 
   8192.00000000118      0.2394078602226307 
   8193.00000000118     0.24121145493126359 
   8194.00000000118     0.24301590573567097 
   8195.00000000118     0.24482121269479623 
  8196.000000001182      0.2465737728736137 
  8197.000000001182     0.24832642730129387 
  8198.000000001182     0.25007917597550405 
  8199.000000001182     0.25183201889363593 
  8200.000000001182     0.25358495605635883 
  8201.000000001182      0.2566733654898448 
  8202.000000001182     0.25978023934700706 
  8203.000000001182      0.2629055797768685 
  8204.000000001182     0.26604938892812474 
  8205.000000001184      0.2692355627685393 
  8206.000000001184      0.2720958839505007 
  8207.000000001184     0.27494620296497185 
  8208.000000001184       0.277810415241982 
  8209.000000001184      0.2806885223922195 
  8210.000000001184     0.28358052602371175 
  8211.000000001184     0.28529239792821753 
  8212.000000001186      0.2870027981969294 
  8213.000000001186      0.2887117267618767 
  8214.000000001186      0.2904191835550947 
  8215.000000001186     0.29212516850766124 
  8216.000000001186     0.29327852125137777 
  8217.000000001186       0.294423550606251 
  8218.000000001186     0.29556025622032356 
  8219.000000001186     0.29668863774104687 
  8220.000000001186     0.29780869481216077 
  8221.000000001188      0.2971176075116951 
  8222.000000001188      0.2963956883694973 
  8223.000000001188     0.29561951187194224 
  8224.000000001188     0.29481290196249943 
  8225.000000001188       0.293975855989208 
  8226.000000001188      0.2922625535879364 
  8227.000000001188     0.29050888388313334 
   8228.00000000119     0.28871484336862085 
   8229.00000000119     0.28688042853794454 
   8230.00000000119      0.2850056358975584 
   8231.00000000119      0.2881699854996447 
   8232.00000000119      0.2913517671612865 
   8233.00000000119       0.294550980516188 
   8234.00000000119     0.29776762519724764 
   8235.00000000119      0.3010017008420984 
   8236.00000000119     0.30625034220519903 
  8237.000000001191       0.311538420120465 
  8238.000000001191     0.31686593376425465 
  8239.000000001191     0.32225619704216574 
  8240.000000001191     0.32768642084500343 
  8241.000000001191     0.33085626602542223 
  8242.000000001191      0.3340410358675498 
  8243.000000001191      0.3372407284414961 
  8244.000000001193     0.34045534181845055 
  8245.000000001193     0.34368487406569737 
  8246.000000001193      0.3458394929247943 
  8247.000000001193       0.347997725919805 
  8248.000000001193      0.3501595725677562 
  8249.000000001193     0.35232503238567414 
  8250.000000001193      0.3544941048882279 
  8251.000000001193      0.3559669032116957 
  8252.000000001193      0.3574361511178831 
  8253.000000001195     0.35890184764107264 
  8254.000000001195      0.3603639918159214 
  8255.000000001195      0.3618466672516109 
  8256.000000001195      0.3633257418700104 
  8257.000000001195      0.3647771766581235 
  8258.000000001195     0.36622505522501425 
  8259.000000001195     0.36766937660509036 
  8260.000000001197     0.36911013983547614 
  8261.000000001197      0.3718451258287381 
  8262.000000001197     0.37458917879218345 
  8263.000000001197      0.3773422984461092 
  8264.000000001197      0.3801044845107224 
  8265.000000001197     0.38287573670455616 
  8266.000000001197      0.3850135623642882 
  8267.000000001197      0.3871543858090932 
  8268.000000001197     0.38929820693926764 
  8269.000000001199      0.3914450256559106 
  8270.000000001199     0.39359484185446847 
  8271.000000001199     0.39349961975213066 
  8272.000000001199      0.3933858952715185 
  8273.000000001199      0.3932296537011063 
  8274.000000001199     0.39305514264624875 
  8275.000000001199      0.3928623585377278 
    8276.0000000012     0.39349281365469685 
    8277.0000000012      0.3941127020450088 
    8278.0000000012     0.39472202162304587 
    8279.0000000012      0.3953207703019848 
    8280.0000000012     0.39590894600008036 
    8281.0000000012      0.3984423463609264 
    8282.0000000012     0.40098261516051237 
    8283.0000000012      0.4035297524807584 
    8284.0000000012     0.40608375840437483 
  8285.000000001202     0.40864463301168114 
  8286.000000001202      0.4104205682187655 
  8287.000000001202     0.41198364495660034 
  8288.000000001202      0.4135467359171813 
  8289.000000001202     0.41444755758411916 
  8290.000000001202      0.4153483870247646 
  8291.000000001202      0.4165887456894089 
  8292.000000001204      0.4178306522299411 
  8293.000000001204      0.4190978220756071 
  8294.000000001204      0.4203665814498229 
  8295.000000001204     0.42161317355606176 
  8296.000000001204      0.4234024031548029 
  8297.000000001204     0.42521931329771395 
  8298.000000001204      0.4270401473172774 
  8299.000000001204      0.4288409438059363 
  8300.000000001204      0.4306455621945771 
  8301.000000001206      0.4317430847608381 
  8302.000000001206      0.4328413900069319 
  8303.000000001206     0.43394047793176715 
  8304.000000001206      0.4350403485337284 
  8305.000000001206      0.4361169375334805 
  8306.000000001206     0.43783898210878197 
  8307.000000001206       0.439588579889796 
  8308.000000001208      0.4413416666369811 
  8309.000000001208      0.4430739949220677 
  8310.000000001208      0.4448097206545331 
  8311.000000001208      0.4456484346307527 
  8312.000000001208     0.44648679268023334 
  8313.000000001208     0.44730051530491377 
  8314.000000001208     0.44811389113448985 
  8315.000000001208     0.44895119038613346 
  8316.000000001208       0.448753921721158 
   8317.00000000121       0.448527867049682 
   8318.00000000121     0.44829729637014426 
   8319.00000000121     0.44808623807488307 
   8320.00000000121     0.44787054244711305 
   8321.00000000121      0.4495488620172376 
   8322.00000000121     0.45123032134070046 
   8323.00000000121       0.452216275201894 
  8324.000000001211       0.453202991358616 
  8325.000000001211     0.45397291093546915 
  8326.000000001211     0.45502867692862015 
  8327.000000001211      0.4560844770557536 
  8328.000000001211      0.4571403113056917 
  8329.000000001211     0.45819617966725124 
  8330.000000001211      0.4592520821252426 
  8331.000000001211      0.4590280468654373 
  8332.000000001211      0.4588040399739136 
  8333.000000001213     0.45858006144903724 
  8334.000000001213     0.45835611129163195 
  8335.000000001213     0.45813218950090184 
  8336.000000001213     0.45819457942370867 
  8337.000000001213      0.4582573206419913 
  8338.000000001213      0.4583202247660798 
  8339.000000001213      0.4583831172713835 
  8340.000000001215      0.4584458375105778 
  8341.000000001215     0.45923816571757303 
  8342.000000001215     0.46003015262926106 
  8343.000000001215       0.460821676601235 
  8344.000000001215     0.46161262923509694 
  8345.000000001215     0.46240291549921264 
  8346.000000001215      0.4627162123842262 
  8347.000000001215     0.46302863853982745 
  8348.000000001215     0.46334014271158563 
  8349.000000001217     0.46365068764287565 
  8350.000000001217     0.46396025012337105 
  8351.000000001217     0.46372338467128676 
  8352.000000001217       0.463485550973211 
  8353.000000001217      0.4632467717348704 
  8354.000000001217      0.4630070837329108 
  8355.000000001217      0.4627665377762977 
  8356.000000001219     0.46271561661979327 
  8357.000000001219      0.4626639385478147 
  8358.000000001219      0.4626115954293041 
  8359.000000001219      0.4625586931931582 
  8360.000000001219        0.46250535182135 
  8361.000000001219     0.46273691606006023 
  8362.000000001219       0.462968349071158 
  8363.000000001219     0.46319981294118184 
  8364.000000001219      0.4634314842103248 
   8365.00000000122      0.4636635539108155 
   8366.00000000122      0.4638964190086932 
   8367.00000000122      0.4641294379812341 
   8368.00000000122     0.46436254730108445 
   8369.00000000122     0.46459568803278484 
   8370.00000000122     0.46482880584457525 
   8371.00000000122     0.46488199780428685 
  8372.000000001222       0.464935025470149 
  8373.000000001222     0.46498784861765297 
  8374.000000001222     0.46504043173078946 
  8375.000000001222      0.4650927440004506 
  8376.000000001222      0.4650495598133148 
  8377.000000001222      0.4650060750973589 
  8378.000000001222      0.4649622733909572 
  8379.000000001222      0.4649181429630353 
  8380.000000001222       0.464873676813332 
  8381.000000001224     0.46508339791771813 
  8382.000000001224      0.4652927910354954 
  8383.000000001224      0.4655018627917726 
  8384.000000001224       0.465710624560887 
  8385.000000001224     0.46591909247360996 
  8386.000000001224       0.466031908831507 
  8387.000000001224     0.46614434698592366 
  8388.000000001226      0.4662565014323776 
  8389.000000001226      0.4663684667625068 
  8390.000000001226     0.46648033766315644 
  8391.000000001226      0.4664373141160564 
  8392.000000001226        0.46639438670843 
  8393.000000001226      0.4663516502332106 
  8394.000000001226      0.4663091994518013 
  8395.000000001226      0.4662671290983587 
  8396.000000001226      0.4663206819450705 
  8397.000000001228      0.4663745218516208 
  8398.000000001228       0.466428665525831 
  8399.000000001228      0.4664831249425088 
  8400.000000001228     0.46653790734035655 
  8401.000000001228     0.46641958050653576 
  8402.000000001228      0.4663015997154097 
  8403.000000001228       0.466183957610915 
   8404.00000000123     0.46606664210712473 
   8405.00000000123      0.4659496363900906 
   8406.00000000123      0.4658329189278396 
   8407.00000000123      0.4657164634972029 
   8408.00000000123      0.4656002391467464 
   8409.00000000123     0.46548421022335684 
   8410.00000000123      0.4653683363741847 
   8411.00000000123      0.4654213005332737 
   8412.00000000123     0.46547430275520085 
  8413.000000001231      0.4655272886288431 
  8414.000000001231      0.4655801989829537 
  8415.000000001231       0.465632969881798 
  8416.000000001231      0.4656855328360864 
  8417.000000001231      0.4657380799637796 
  8418.000000001231      0.4657906111947001 
  8419.000000001231     0.46584312646464776 
  8420.000000001233      0.4658956257150115 
  8421.000000001233      0.4659906462248692 
  8422.000000001233      0.4660856613521077 
  8423.000000001233      0.4661806710483768 
  8424.000000001233      0.4662756752724633 
  8425.000000001233      0.4663706739839994 
  8426.000000001233      0.4663706830917387 
  8427.000000001233     0.46637068648189456 
  8428.000000001233      0.4663706841991424 
  8429.000000001235      0.4663706762881664 
  8430.000000001235      0.4663706627933028 
  8431.000000001235      0.4662923779081726 
  8432.000000001235     0.46621407891285127 
  8433.000000001235     0.46613576586113464 
  8434.000000001235     0.46605743880699346 
  8435.000000001235      0.4659790978079858 
  8436.000000001237      0.4660895970553955 
  8437.000000001237      0.4661993532263067 
  8438.000000001237      0.4663087498441449 
  8439.000000001237     0.46641814236248674 
  8440.000000001237      0.4665278581261865 
  8441.000000001237     0.46649431299272065 
  8442.000000001237      0.4664616607181857 
  8443.000000001237      0.4664301430776563 
  8444.000000001237      0.4663999733415323 
  8445.000000001239      0.4663713362874189 
  8446.000000001239      0.4664393664489562 
  8447.000000001239      0.4665092026613156 
  8448.000000001239     0.46658094544058226 
  8449.000000001239      0.4666546668957533 
  8450.000000001239     0.46673041071296634 
  8451.000000001239      0.4668403224995427 
   8452.00000000124     0.46695227000838535 
   8453.00000000124      0.4670662119245874 
   8454.00000000124     0.46718207839540066 
   8455.00000000124      0.4672997709956476 
   8456.00000000124      0.4673241783507289 
   8457.00000000124      0.4673501190738204 
   8458.00000000124      0.4673774079819771 
   8459.00000000124     0.46740583134994146 
   8460.00000000124     0.46743514690011445 
  8461.000000001242      0.4674190252221723 
  8462.000000001242      0.4674031967817823 
  8463.000000001242      0.4673873335873371 
  8464.000000001242     0.46737107919947474 
  8465.000000001242      0.4673540487387953 
  8466.000000001242      0.4675260347686347 
  8467.000000001242     0.46769805142937515 
  8468.000000001244     0.46787009866502466 
  8469.000000001244      0.4680421764214407 
  8470.000000001244      0.4682142846454061 
  8471.000000001244      0.4682324839286816 
  8472.000000001244        0.46825067753466 
  8473.000000001244      0.4682688654168761 
  8474.000000001244      0.4682870475305717 
  8475.000000001244      0.4683052238284153 
  8476.000000001244      0.4682282065824349 
  8477.000000001246      0.4681511763335278 
  8478.000000001246     0.46807413311933005 
  8479.000000001246     0.46799707698189796 
  8480.000000001246      0.4679200079678532 
  8481.000000001246      0.4677236637458956 
  8482.000000001246      0.4675273663361261 
  8483.000000001246     0.46733111579664355 
  8484.000000001248      0.4671349121915145 
  8485.000000001248      0.4669387555897374 
  8486.000000001248      0.4667438017542449 
  8487.000000001248      0.4665496364149685 
  8488.000000001248     0.46635587466450823 
  8489.000000001248     0.46616216068273225 
  8490.000000001248      0.4659681676739515 
  8491.000000001248      0.4659875645880131 
  8492.000000001248     0.46600606392090815 
   8493.00000000125     0.46602342403071195 
   8494.00000000125     0.46603943167348966 
   8495.00000000125     0.46605390201050745 
   8496.00000000125      0.4660666786161748 
   8497.00000000125     0.46607763348498255 
   8498.00000000125     0.46608666703770235 
   8499.00000000125      0.4660937081276464 
  8500.000000001251      0.4660987140419866 
  8501.000000001251      0.4661286869915463 
  8502.000000001251     0.46615662125199797 
  8503.000000001251     0.46618255908550676 
  8504.000000001251     0.46620657121144055 
  8505.000000001251      0.4662287568128094 
  8506.000000001251      0.4662492435421353 
  8507.000000001251     0.46626818752541477 
  8508.000000001251       0.466285773364848 
  8509.000000001253     0.46630221414350287 
  8510.000000001253     0.46631775142804405 
  8511.000000001253     0.46617361106457816 
  8512.000000001253      0.4660291666912984 
  8513.000000001253     0.46588474534383767 
  8514.000000001253      0.4657407020706704 
  8515.000000001253       0.465597419894041 
  8516.000000001255      0.4656449434340048 
  8517.000000001255      0.4656924474291465 
  8518.000000001255      0.4657399318088343 
  8519.000000001255      0.4657873965079257 
  8520.000000001255     0.46583484146625564 
  8521.000000001255      0.4658242711822338 
  8522.000000001255     0.46581369395691696 
  8523.000000001255      0.4658031097465196 
  8524.000000001255      0.4657925185114896 
  8525.000000001257      0.4657819202173078 
  8526.000000001257      0.4658660798918348 
  8527.000000001257      0.4659502279902417 
  8528.000000001257      0.4660343645539879 
  8529.000000001257      0.4661184896221289 
  8530.000000001257      0.4662026032348591 
  8531.000000001257     0.46619793277305827 
  8532.000000001259     0.46619325402141015 
  8533.000000001259      0.4661885670288561 
  8534.000000001259      0.4661838718455266 
  8535.000000001259     0.46617916852481517 
  8536.000000001259      0.4660785519162151 
  8537.000000001259      0.4659771877771338 
  8538.000000001259     0.46587546029213056 
  8539.000000001259     0.46577372491969327 
  8540.000000001259     0.46567230841796053 
   8541.00000000126     0.46563984079218146 
   8542.00000000126     0.46560826045954107 
   8543.00000000126     0.46557780875915233 
   8544.00000000126      0.4655486985800099 
   8545.00000000126     0.46552111437105603 
   8546.00000000126      0.4655899209983098 
   8547.00000000126      0.4656605269024208 
  8548.000000001262      0.4657330324237701 
  8549.000000001262     0.46580750954985833 
  8550.000000001262      0.4658840018961912 
  8551.000000001262      0.4658726132499245 
  8552.000000001262     0.46586324730525397 
  8553.000000001262     0.46585586127515266 
  8554.000000001262       0.465850383961653 
  8555.000000001262      0.4658467157544825 
  8556.000000001262      0.4658447288827976 
  8557.000000001264     0.46584426716734334 
  8558.000000001264     0.46584514577149044 
  8559.000000001264      0.4658471514541647 
  8560.000000001264     0.46585004256846313 
  8561.000000001264     0.46587605047975633 
  8562.000000001264      0.4659023734616168 
  8563.000000001264     0.46592868463281306 
  8564.000000001266      0.4659546286352964 
  8565.000000001266     0.46597982162473967 
  8566.000000001266      0.4660038512680616 
  8567.000000001266      0.4660278715024633 
  8568.000000001266     0.46605188227197025 
  8569.000000001266     0.46607588352349616 
  8570.000000001266     0.46609987520657686 
  8571.000000001266     0.46610684978695466 
  8572.000000001266     0.46611381484012376 
  8573.000000001268      0.4661207703195836 
  8574.000000001268      0.4661277161785837 
  8575.000000001268      0.4661346523709843 
  8576.000000001268     0.46623632307206825 
  8577.000000001268     0.46633798711235896 
  8578.000000001268      0.4664396445189285 
  8579.000000001268     0.46654129532379407 
   8580.00000000127      0.4666429395635987 
   8581.00000000127      0.4666391264656503 
   8582.00000000127      0.4666353048830866 
   8583.00000000127      0.4666314748749788 
   8584.00000000127     0.46662763650499134 
   8585.00000000127      0.4666237898432938 
   8586.00000000127      0.4666210903497779 
   8587.00000000127      0.4666191251215014 
   8588.00000000127      0.4666175099534034 
  8589.000000001271     0.46661588912270624 
  8590.000000001271     0.46661393538290974 
  8591.000000001271     0.46661262004243126 
  8592.000000001271     0.46661040186057107 
  8593.000000001271      0.4666070390112393 
  8594.000000001271      0.4666023181436949 
  8595.000000001271      0.4665960543844323 
  8596.000000001273      0.4665880913373542 
  8597.000000001273     0.46657830108488696 
  8598.000000001273      0.4665665841883541 
  8599.000000001273     0.46655286968547044 
  8600.000000001273     0.46653711509022894 
  8601.000000001273      0.4665449324719037 
  8602.000000001273      0.4665507056969951 
  8603.000000001273      0.4665544773509063 
  8604.000000001273      0.4665563184905447 
  8605.000000001275      0.4665563286415523 
  8606.000000001275      0.4665546357993531 
  8607.000000001275      0.4665513964248784 
  8608.000000001275      0.4665467954434497 
  8609.000000001275     0.46654104624021697 
  8610.000000001275     0.46653439065577323 
  8611.000000001275      0.4664904329251241 
  8612.000000001277      0.4664461452585305 
  8613.000000001277      0.4664018548437487 
  8614.000000001277     0.46635791720192005 
  8615.000000001277       0.466314716177158 
  8616.000000001277     0.46627266413799295 
  8617.000000001277     0.46623060627505103 
  8618.000000001277     0.46618854251853653 
  8619.000000001277      0.4661464728022494 
  8620.000000001277      0.4661043970671675 
  8621.000000001279     0.46615701383911173 
  8622.000000001279      0.4662096073165384 
  8623.000000001279      0.4662621774515812 
  8624.000000001279     0.46631472420156467 
  8625.000000001279     0.46636724752810266 
  8626.000000001279      0.4663251579027093 
  8627.000000001279      0.4662830617274067 
   8628.00000000128      0.4662409590469672 
   8629.00000000128      0.4661988499066418 
   8630.00000000128     0.46615673435195903 
   8631.00000000128       0.466156615214033 
   8632.00000000128     0.46615647972642554 
   8633.00000000128     0.46615632793705447 
   8634.00000000128     0.46615615989405784 
   8635.00000000128     0.46615597565041755 
   8636.00000000128        0.46615462076968 
  8637.000000001282     0.46615250760237004 
  8638.000000001282      0.4661500200790743 
  8639.000000001282     0.46614751370706076 
  8640.000000001282      0.4661453155689699 
  8641.000000001282       0.466117802180732 
  8642.000000001282      0.4660911703894645 
  8643.000000001282     0.46606566181488773 
  8644.000000001284     0.46604148960769737 
  8645.000000001284      0.4660188384565167 
  8646.000000001284      0.4659978643462845 
  8647.000000001284     0.46597869481142895 
  8648.000000001284      0.4659614291941859 
  8649.000000001284     0.46594613839832166 
  8650.000000001284     0.46593286489745706 
  8651.000000001284     0.46587915057837287 
  8652.000000001284      0.4658274615903072 
  8653.000000001286      0.4657777546029094 
  8654.000000001286      0.4657299578934127 
  8655.000000001286     0.46568397136597134 
  8656.000000001286      0.4656396668127788 
  8657.000000001286      0.4655968876762207 
  8658.000000001286     0.46555544881979366 
  8659.000000001286      0.4655151367865573 
  8660.000000001288     0.46547570981606534 
  8661.000000001288      0.4655059817843346 
  8662.000000001288     0.46553656018434075 
  8663.000000001288     0.46556711839545856 
  8664.000000001288     0.46559730132814003 
  8665.000000001288     0.46562672541566874 
  8666.000000001288     0.46565497860997046 
  8667.000000001288      0.4656832139599915 
  8668.000000001288     0.46571143140647075 
   8669.00000000129     0.46573963089302817 
   8670.00000000129      0.4657678123658832 
   8671.00000000129      0.4657641734086304 
   8672.00000000129     0.46576051936658364 
   8673.00000000129     0.46575685019285085 
   8674.00000000129     0.46575316583980736 
   8675.00000000129     0.46574946626032165 
  8676.000000001291      0.4657457514054782 
  8677.000000001291     0.46574202151640376 
  8678.000000001291      0.4657382766252295 
  8679.000000001291      0.4657345167685085 
  8680.000000001291     0.46573074198696485 
  8681.000000001291     0.46568413330748043 
  8682.000000001291      0.4656375155184486 
  8683.000000001291     0.46559088867951703 
  8684.000000001291      0.4655442528558683 
  8685.000000001293      0.4654976081172041 
  8686.000000001293     0.46545325952222144 
  8687.000000001293      0.4654103829944304 
  8688.000000001293     0.46536821178990523 
  8689.000000001293      0.4653260362434764 
  8690.000000001293     0.46528320373454174 
  8691.000000001293     0.46530847133067654 
  8692.000000001295      0.4653319369771912 
  8693.000000001295     0.46535311802880414 
  8694.000000001295     0.46537158854659344 
  8695.000000001295     0.46538697932603146 
  8696.000000001295      0.4654935716835264 
  8697.000000001295     0.46559664333846495 
  8698.000000001295      0.4656959291709308 
  8699.000000001295     0.46579122544212165 
  8700.000000001295      0.4658823898742604 
  8701.000000001297      0.4658273900942275 
  8702.000000001297      0.4657681744374808 
  8703.000000001297      0.4657047892385459 
  8704.000000001297      0.4656373424198402 
  8705.000000001297      0.4655660034489415 
  8706.000000001297     0.46549100309426344 
  8707.000000001297     0.46541263382865417 
  8708.000000001299      0.4653312495061331 
  8709.000000001299      0.4652472653044706 
  8710.000000001299      0.4651611576648508 
  8711.000000001299      0.4650481538254048 
  8712.000000001299     0.46493417724552516 
  8713.000000001299      0.4648198878462015 
  8714.000000001299     0.46470600642456555 
  8715.000000001299      0.4645933145890275 
  8716.000000001299     0.46448265468457683 
    8717.0000000013      0.4643717509589144 
    8718.0000000013     0.46426063432697584 
    8719.0000000013      0.4641493404030037 
    8720.0000000013     0.46403790949657137 
    8721.0000000013      0.4639991265708124 
    8722.0000000013      0.4639602649361578 
    8723.0000000013      0.4639213789627546 
  8724.000000001302     0.46388252773233557 
  8725.000000001302      0.4638437750366712 
  8726.000000001302      0.4638051894054838 
  8727.000000001302     0.46376657893150564 
  8728.000000001302      0.4637279435786943 
  8729.000000001302      0.4636892833042709 
  8730.000000001302     0.46365059805570336 
  8731.000000001302      0.4635582184828232 
  8732.000000001302      0.4634658374814102 
  8733.000000001304      0.4633734549785925 
  8734.000000001304     0.46328107089470083 
  8735.000000001304      0.4631886851422286 
  8736.000000001304     0.46309438445757767 
  8737.000000001304     0.46299885320060286 
  8738.000000001304     0.46290272792985143 
  8739.000000001304      0.4628065976738128 
  8740.000000001306      0.4627110039673973 
  8741.000000001306      0.4626128593018208 
  8742.000000001306      0.4625161926330806 
  8743.000000001306     0.46242140323851866 
  8744.000000001306     0.46232884307382377 
  8745.000000001306     0.46223881682585727 
  8746.000000001306      0.4621515819594086 
  8747.000000001306       0.462067348810407 
  8748.000000001306     0.46198628056391566 
  8749.000000001308      0.4619084933285587 
  8750.000000001308      0.4618340561750703 
  8751.000000001308      0.4617990354514464 
  8752.000000001308     0.46176735027193366 
  8753.000000001308     0.46173892958135454 
  8754.000000001308      0.4617136553818044 
  8755.000000001308     0.46169136274026507 
   8756.00000000131     0.46167183979221854 
   8757.00000000131      0.4616548276852575 
   8758.00000000131     0.46164002067422727 
   8759.00000000131     0.46162706607742854 
   8760.00000000131     0.46161556427625605 
   8761.00000000131     0.46156385021143426 
   8762.00000000131      0.4615126562446197 
   8763.00000000131      0.4614614419394595 
   8764.00000000131     0.46140962013012077 
  8765.000000001311      0.4613565569547583 
  8766.000000001311     0.46130157188965587 
  8767.000000001311     0.46124657204863173 
  8768.000000001311      0.4611915574314584 
  8769.000000001311     0.46113652803742733 
  8770.000000001311      0.4610814838658285 
  8771.000000001311      0.4610259406175768 
  8772.000000001313       0.460970380481522 
  8773.000000001313     0.46091480345692426 
  8774.000000001313      0.4608592095425613 
  8775.000000001313     0.46080359873769294 
  8776.000000001313      0.4607479710410971 
  8777.000000001313     0.46069232645155245 
  8778.000000001313      0.4606366649678371 
  8779.000000001313     0.46058098658921093 
  8780.000000001313      0.4605252913140118 
  8781.000000001315     0.46050077926862604 
  8782.000000001315     0.46047624109178037 
  8783.000000001315      0.4604516767800258 
  8784.000000001315      0.4604270863289514 
  8785.000000001315     0.46040246973558696 
  8786.000000001315      0.4603764949726593 
  8787.000000001315      0.4603496379527876 
  8788.000000001317     0.46032234168146907 
  8789.000000001317     0.46029501626155384 
  8790.000000001317      0.4602680388996288 
  8791.000000001317      0.4602099265574455 
  8792.000000001317      0.4601528252686145 
  8793.000000001317      0.4600970133550208 
  8794.000000001317      0.4600427362224029 
  8795.000000001317       0.459990206386136 
  8796.000000001317     0.45993960353490293 
  8797.000000001319     0.45989107446335614 
  8798.000000001319      0.4598447331471774 
  8799.000000001319     0.45980066076729004 
  8800.000000001319       0.459758905730563 
  8801.000000001319      0.4597044735112505 
  8802.000000001319      0.4596523608856103 
  8803.000000001319      0.4596025178224557 
   8804.00000000132     0.45955486159180664 
   8805.00000000132       0.459509276783002 
   8806.00000000132     0.45946580526763453 
   8807.00000000132     0.45942419842851645 
   8808.00000000132     0.45938417972220186 
   8809.00000000132      0.4593454446894899 
   8810.00000000132     0.45930766096334796 
   8811.00000000132      0.4593120527051346 
   8812.00000000132      0.4593166397149563 
  8813.000000001322     0.45932100591017194 
  8814.000000001322      0.4593247071902443 
  8815.000000001322     0.45932727143891433 
  8816.000000001322      0.4592349330838925 
  8817.000000001322      0.4591421429146524 
  8818.000000001322      0.4590489479641572 
  8819.000000001322      0.4589553952255263 
  8820.000000001324     0.45886153165364285 
  8821.000000001324     0.45891714022705515 
  8822.000000001324     0.45897252045013553 
  8823.000000001324      0.4590277189868268 
  8824.000000001324      0.4590827825211442 
  8825.000000001324       0.459137757754141 
  8826.000000001324      0.4590996621294022 
  8827.000000001324     0.45906158705825567 
  8828.000000001324     0.45902357922033743 
  8829.000000001326      0.4589856852768282 
  8830.000000001326      0.4589479518690037 
  8831.000000001326      0.4589201855190943 
  8832.000000001326     0.45889266796356926 
  8833.000000001326     0.45886544581037275 
  8834.000000001326      0.4588385656518328 
  8835.000000001326      0.4588120740689444 
  8836.000000001328     0.45878563851528625 
  8837.000000001328      0.4587591791582739 
  8838.000000001328      0.4587327916841545 
  8839.000000001328      0.4587065577441613 
  8840.000000001328      0.4586805449596976 
  8841.000000001328     0.45865940128831995 
  8842.000000001328     0.45863857144550857 
  8843.000000001328     0.45861808101252594 
  8844.000000001328      0.4585979415666219 
   8845.00000000133      0.4585781506865594 
   8846.00000000133      0.4585585028150986 
   8847.00000000133      0.4585392968401208 
   8848.00000000133     0.45852062819238054 
   8849.00000000133       0.458502578291612 
   8850.00000000133     0.45848521455395175 
   8851.00000000133      0.4583768832644153 
  8852.000000001332     0.45826933555353744 
  8853.000000001332       0.458162596374726 
  8854.000000001332     0.45805667668615985 
  8855.000000001332      0.4579515734734365 
  8856.000000001332      0.4578472697358538 
  8857.000000001332     0.45774373453581185 
  8858.000000001332      0.4576409230410723 
  8859.000000001332       0.457538776516029 
  8860.000000001332      0.4574372223352702 
  8861.000000001333     0.45740872501049856 
  8862.000000001333     0.45738063011581553 
  8863.000000001333      0.4573528235984024 
  8864.000000001333      0.4573251775063054 
  8865.000000001333     0.45729754999006567 
  8866.000000001333     0.45736244320021213 
  8867.000000001333     0.45742741862637737 
  8868.000000001335     0.45749250887260934 
  8869.000000001335     0.45755773725703824 
  8870.000000001335     0.45762311780964726 
  8871.000000001335      0.4575746180760541 
  8872.000000001335     0.45752628429657677 
  8873.000000001335      0.4574781024882255 
  8874.000000001335     0.45743004937973697 
  8875.000000001335     0.45738209241736555 
  8876.000000001335     0.45724180154927035 
  8877.000000001337      0.4571020358745395 
  8878.000000001337     0.45696268571645143 
  8879.000000001337      0.4568236461908014 
  8880.000000001337     0.45668481719783655 
  8881.000000001337       0.456675306392286 
  8882.000000001337      0.4566657924600959 
  8883.000000001337     0.45665618953958126 
  8884.000000001339     0.45664641642983406 
  8885.000000001339      0.4566363965884156 
  8886.000000001339       0.456815822435063 
  8887.000000001339     0.45699764290212824 
  8888.000000001339       0.457180356232159 
  8889.000000001339     0.45736256998845015 
  8890.000000001339     0.45754300125336916 
  8891.000000001339      0.4574201225517216 
  8892.000000001339      0.4572932513100266 
   8893.00000000134      0.4571614443046191 
   8894.00000000134     0.45702387098411823 
   8895.00000000134     0.45687981335235456 
   8896.00000000134     0.45682095066796735 
   8897.00000000134     0.45675449624759235 
   8898.00000000134     0.45668026589047417 
   8899.00000000134      0.4565981824046865 
  8900.000000001342      0.4565082755273042 
  8901.000000001342     0.45629958203369897 
  8902.000000001342      0.4560835045879382 
  8903.000000001342     0.45586039822907387 
  8904.000000001342     0.45563072398244814 
  8905.000000001342     0.45539504856724544 
  8906.000000001342      0.4553392913042937 
  8907.000000001342     0.45527858020895207 
  8908.000000001342     0.45521351530326937 
  8909.000000001344      0.4551448027719515 
  8910.000000001344      0.4550732548699922 
  8911.000000001344      0.4548349583919986 
  8912.000000001344     0.45459587702884674 
  8913.000000001344       0.454357140382568 
  8914.000000001344      0.4541199820022844 
  8915.000000001344      0.4538857391523691 
  8916.000000001346      0.4536556656150192 
  8917.000000001346      0.4534254286458569 
  8918.000000001346     0.45319499855607703 
  8919.000000001346     0.45296434111197065 
  8920.000000001346      0.4527334175464884 
  8921.000000001346     0.45240923443812947 
  8922.000000001346      0.4520847535152684 
  8923.000000001346      0.4517599227590598 
  8924.000000001346      0.4514346857071768 
  8925.000000001348     0.45110898146619405 
  8926.000000001348     0.45041535845498804 
  8927.000000001348      0.4497218795699168 
  8928.000000001348       0.449028621088395 
  8929.000000001348      0.4483356633964845 
  8930.000000001348      0.4476430909578686 
  8931.000000001348     0.44722075844896075 
   8932.00000000135      0.4467988247508715 
   8933.00000000135     0.44637738692874396 
   8934.00000000135     0.44595654623821307 
   8935.00000000135     0.44553640810779527 
   8936.00000000135      0.4454777656999743 
   8937.00000000135        0.44541575848476 
   8938.00000000135     0.44535219215893496 
   8939.00000000135      0.4452887314083245 
   8940.00000000135      0.4452268999464077 
  8941.000000001352       0.444509572440318 
  8942.000000001352      0.4437969743563996 
  8943.000000001352      0.4430901830256701 
  8944.000000001352      0.4423901295951517 
  8945.000000001352     0.44169760019725746 
  8946.000000001352       0.440466211639314 
  8947.000000001352      0.4392442895172265 
  8948.000000001353     0.43803210855832136 
  8949.000000001353     0.43682981566080165 
  8950.000000001353     0.43563743164106855 
  8951.000000001353     0.43410355056192135 
  8952.000000001353     0.43257928967783493 
  8953.000000001353      0.4310642802775959 
  8954.000000001353      0.4295580355714329 
  8955.000000001353     0.42805995280304626 
  8956.000000001353     0.42702431002404434 
  8957.000000001355      0.4259950023717547 
  8958.000000001355      0.4249712277642483 
  8959.000000001355     0.42395206239000777 
  8960.000000001355     0.42293646222938347 
  8961.000000001355     0.42145788335235823 
  8962.000000001355      0.4199805182379094 
  8963.000000001355      0.4185029725179684 
  8964.000000001357     0.41702374450666463 
  8965.000000001357     0.41554122751354966 
  8966.000000001357      0.4149639203873091 
  8967.000000001357      0.4143867268322911 
  8968.000000001357      0.4138097307730315 
  8969.000000001357      0.4132330156484856 
  8970.000000001357      0.4126566644168702 
  8971.000000001357     0.41363768468058676 
  8972.000000001357      0.4146190577724128 
  8973.000000001359     0.41560087121498024 
  8974.000000001359     0.41658321331144105 
  8975.000000001359     0.41756617314372013 
  8976.000000001359      0.4181859632969974 
  8977.000000001359     0.41880610250329836 
  8978.000000001359       0.419426537056038 
  8979.000000001359      0.4200472043986552 
   8980.00000000136      0.4206680330564622 
   8981.00000000136      0.4171767861810907 
   8982.00000000136      0.4136861530300315 
   8983.00000000136      0.4101960368725008 
   8984.00000000136     0.40670633600361933 
   8985.00000000136     0.40321694409258807 
   8986.00000000136      0.3985503671715159 
   8987.00000000136      0.3938872427442749 
   8988.00000000136     0.38922603186130034 
  8989.000000001362      0.3845653704137984 
  8990.000000001362      0.3799040626725202 
  8991.000000001362      0.3819614211137574 
  8992.000000001362     0.38401506093657234 
  8993.000000001362      0.3860640295563098 
  8994.000000001362      0.3881074619704984 
  8995.000000001362      0.3901445836157405 
  8996.000000001364     0.39308294554558343 
  8997.000000001364      0.3960134244666669 
  8998.000000001364      0.3989354836053117 
  8999.000000001364      0.4018486855215494 
  9000.000000001364     0.40475269614073517 
  9001.000000001364     0.40364389456865635 
  9002.000000001364     0.40252773619663806 
  9003.000000001364      0.4014044517157583 
  9004.000000001364     0.40027437987359726 
  9005.000000001366     0.39913796590656375 
  9006.000000001366      0.3993545809498884 
  9007.000000001366     0.39956512995421994 
  9008.000000001366     0.39977026051859504 
  9009.000000001366      0.3999707354947587 
  9010.000000001366        0.40016743323431 
  9011.000000001366      0.4010144187506227 
  9012.000000001368     0.40185927617655703 
  9013.000000001368      0.4027032309789965 
  9014.000000001368       0.403547633882208 
  9015.000000001368      0.4043939620751077 
  9016.000000001368     0.40407043684415106 
  9017.000000001368     0.40374654764670137 
  9018.000000001368      0.4034223918726978 
  9019.000000001368     0.40309806252695074 
  9020.000000001368     0.40277364823914796 
   9021.00000000137     0.40207016206413976 
   9022.00000000137      0.4013670763412452 
   9023.00000000137     0.40066446655485444 
   9024.00000000137      0.3999624036098265 
   9025.00000000137      0.3992609538737673 
   9026.00000000137     0.40026836757333684 
   9027.00000000137      0.4012753489087517 
  9028.000000001372     0.40228184661117444 
  9029.000000001372     0.40328781294437666 
  9030.000000001372     0.40429320375929745 
  9031.000000001372     0.40728467232893634 
  9032.000000001372      0.4102741056104527 
  9033.000000001372     0.41326147383537587 
  9034.000000001372     0.41624675042029924 
  9035.000000001372       0.419229912116172 
  9036.000000001372      0.4211349936452203 
  9037.000000001373     0.42303755764133966 
  9038.000000001373     0.42493797041299014 
  9039.000000001373      0.4268365704419677 
  9040.000000001373      0.4287336675828393 
  9041.000000001373     0.42822062277895584 
  9042.000000001373     0.42770838386972115 
  9043.000000001373     0.42719715727270674 
  9044.000000001375      0.4266871137527642 
  9045.000000001375     0.42617838862685475 
  9046.000000001375      0.4255818614537714 
  9047.000000001375        0.42498736499015 
  9048.000000001375     0.42439506902373253 
  9049.000000001375      0.4238051165562401 
  9050.000000001375      0.4232176239885195 
  9051.000000001375     0.42303082520185553 
  9052.000000001375     0.42284638582723105 
  9053.000000001377      0.4226643502163018 
  9054.000000001377     0.42248473690624344 
  9055.000000001377     0.42230753867178944 
  9056.000000001377      0.4216883723492557 
  9057.000000001377      0.4210714123687285 
  9058.000000001377     0.42045642847138853 
  9059.000000001377      0.4198431575683104 
  9060.000000001379      0.4192313039779085 
  9061.000000001379     0.41697687910155407 
  9062.000000001379      0.4147240705252263 
  9063.000000001379      0.4124724869284565 
  9064.000000001379     0.41022171204293345 
  9065.000000001379      0.4079713055562714 
  9066.000000001379      0.4055436722211209 
  9067.000000001379        0.40311740759309 
  9068.000000001379     0.40069251232522024 
   9069.00000000138      0.3982689870768358 
   9070.00000000138     0.39584683251730546 
   9071.00000000138     0.39492123593693246 
   9072.00000000138      0.3939961195763543 
   9073.00000000138      0.3930714836491363 
   9074.00000000138     0.39214732837499566 
   9075.00000000138      0.3912236539770449 
  9076.000000001382     0.39083016028958956 
  9077.000000001382      0.3904367992345699 
  9078.000000001382      0.3900435709340248 
  9079.000000001382       0.389650475508079 
  9080.000000001382     0.38925751308087125 
  9081.000000001382     0.38943053349208734 
  9082.000000001382      0.3896032319441521 
  9083.000000001382      0.3897756084889815 
  9084.000000001382      0.3899476631794772 
  9085.000000001384     0.39011939607039187 
  9086.000000001384      0.3901144778626739 
  9087.000000001384      0.3901090900185818 
  9088.000000001384      0.3901033932287196 
  9089.000000001384     0.39009753628604216 
  9090.000000001384       0.390091656085598 
  9091.000000001384     0.39047272689200463 
  9092.000000001386     0.39085374295957115 
  9093.000000001386      0.3906514960569448 
  9094.000000001386     0.39044825105864456 
  9095.000000001386      0.3900353549585071 
  9096.000000001386     0.38944729961144575 
  9097.000000001386      0.3888797681172948 
  9098.000000001386      0.3883119271037922 
  9099.000000001386      0.3877228869557563 
  9100.000000001386      0.3871335584158522 
  9101.000000001388      0.3856251527061882 
  9102.000000001388     0.38412089071069055 
  9103.000000001388      0.3825999337787265 
  9104.000000001388       0.381083129707292 
  9105.000000001388     0.37957042658297746 
  9106.000000001388     0.37975977088676804 
  9107.000000001388      0.3799657267160068 
   9108.00000000139      0.3801674938093385 
   9109.00000000139     0.38034404627602236 
   9110.00000000139      0.3805161276864166 
   9111.00000000139     0.38008185858412874 
   9112.00000000139       0.379645869229681 
   9113.00000000139     0.37918697456055683 
   9114.00000000139     0.37872604932768117 
   9115.00000000139     0.37828403297622754 
   9116.00000000139      0.3764314037680977 
  9117.000000001392      0.3745629872959131 
  9118.000000001392     0.37269987088021644 
  9119.000000001392     0.37086290246323855 
  9120.000000001392     0.36903110537710043 
  9121.000000001392      0.3691745064941129 
  9122.000000001392     0.36931310590641325 
  9123.000000001392     0.36944690833822386 
  9124.000000001393     0.36957591851638333 
  9125.000000001393     0.36972119709875456 
  9126.000000001393      0.3667917348937882 
  9127.000000001393      0.3636646302045552 
  9128.000000001393      0.3605504320152933 
  9129.000000001393       0.356873295653123 
  9130.000000001393      0.3532158999001816 
  9131.000000001393     0.34933410243001606 
  9132.000000001393      0.3454743903163095 
  9133.000000001395     0.34163674329956834 
  9134.000000001395     0.33782114110578015 
  9135.000000001395     0.33400780201989305 
  9136.000000001395      0.3342367833692559 
  9137.000000001395     0.33446902560555797 
  9138.000000001395      0.3346846026104736 
  9139.000000001395      0.3348833627936586 
  9140.000000001397      0.3350651677887253 
  9141.000000001397      0.3360370698102327 
  9142.000000001397      0.3369834603640593 
  9143.000000001397     0.33790425076237474 
  9144.000000001397      0.3387993650648091 
  9145.000000001397     0.33966874033276945 
  9146.000000001397     0.33720267261149145 
  9147.000000001397     0.33474457689451564 
  9148.000000001397      0.3322944637321246 
  9149.000000001399     0.32985235363660176 
  9150.000000001399     0.32741827670079376 
  9151.000000001399      0.3221769512756222 
  9152.000000001399      0.3169735364335185 
  9153.000000001399      0.3118281258886629 
  9154.000000001399      0.3067202442022249 
  9155.000000001399      0.3016499418025822 
    9156.0000000014      0.3010131539622761 
    9157.0000000014     0.30036680230544494 
    9158.0000000014      0.2997109936702995 
    9159.0000000014     0.29904584331281286 
    9160.0000000014      0.2983714747843084 
    9161.0000000014      0.3001352520500848 
    9162.0000000014     0.30186321048719306 
    9163.0000000014      0.3035555372953081 
    9164.0000000014     0.30521243195012554 
  9165.000000001402      0.3068341062844579 
  9166.000000001402     0.30531688997508327 
  9167.000000001402     0.30379915672021157 
  9168.000000001402     0.30228084453941584 
  9169.000000001402      0.3007409322071783 
  9170.000000001402       0.299200313339073 
  9171.000000001402     0.29537734480015887 
  9172.000000001404     0.29157993824634637 
  9173.000000001404     0.28780800883812047 
  9174.000000001404     0.28406147473568005 
  9175.000000001404      0.2803402570510243 
  9176.000000001404     0.27789115293817385 
  9177.000000001404     0.27545264932336383 
  9178.000000001404     0.27302476958885175 
  9179.000000001404     0.27060753606880333 
  9180.000000001404     0.26820097006782295 
  9181.000000001406      0.2682140392174481 
  9182.000000001406     0.26820861498254167 
  9183.000000001406      0.2681847520036985 
  9184.000000001406      0.2681425049581446 
  9185.000000001406      0.2680615374323381 
  9186.000000001406      0.2680211896624252 
  9187.000000001406     0.26798256572160195 
  9188.000000001408        0.26792518271656 
  9189.000000001408     0.26784895977295103 
  9190.000000001408      0.2677538269867195 
  9191.000000001408      0.2665083236178367 
  9192.000000001408     0.26525831459267357 
  9193.000000001408      0.2640037460898643 
  9194.000000001408      0.2627445762293692 
  9195.000000001408      0.2614807748234107 
  9196.000000001408      0.2597719242220703 
   9197.00000000141      0.2580639898005649 
   9198.00000000141       0.256356965654555 
   9199.00000000141     0.25465085152620043 
   9200.00000000141     0.25294565263354246 
   9201.00000000141     0.25196299783600645 
   9202.00000000141     0.25097109616068286 
   9203.00000000141     0.24999117565611778 
  9204.000000001412      0.2490021754689931 
  9205.000000001412     0.24800413508204258 
  9206.000000001412     0.24622597737974242 
  9207.000000001412      0.2444498842211328 
  9208.000000001412      0.2426759012164786 
  9209.000000001412     0.24090408261562063 
  9210.000000001412      0.2391344909519694 
  9211.000000001412     0.23680827504281987 
  9212.000000001412     0.23449257721081077 
  9213.000000001413     0.23218746904096052 
  9214.000000001413      0.2298930281193508 
  9215.000000001413     0.22760933760652913 
  9216.000000001413      0.2258624143734525 
  9217.000000001413     0.22411801055963818 
  9218.000000001413     0.22237610302917196 
  9219.000000001413     0.22061584081697377 
  9220.000000001415      0.2188580639765188 
  9221.000000001415     0.21767717242048967 
  9222.000000001415      0.2164900946791697 
  9223.000000001415     0.21529682384215457 
  9224.000000001415     0.21409735351147294 
  9225.000000001415     0.21289167780459256 
  9226.000000001415     0.21114904389038056 
  9227.000000001415     0.20940884250053488 
  9228.000000001415     0.20767108930207154 
  9229.000000001417      0.2059358015925537 
  9230.000000001417      0.2042029982141509 
  9231.000000001417     0.20235010638298953 
  9232.000000001417     0.20050177340146752 
  9233.000000001417     0.19865801910581588 
  9234.000000001417      0.1968188644730402 
  9235.000000001417     0.19496356864030978 
  9236.000000001419     0.19303255447837903 
  9237.000000001419     0.19112885550534123 
  9238.000000001419      0.1892313723151051 
  9239.000000001419      0.1873398038575716 
  9240.000000001419      0.1854538832986864 
  9241.000000001419     0.18361096915448752 
  9242.000000001419     0.18177259430239712 
  9243.000000001419     0.17993858771101207 
  9244.000000001419      0.1781088075858584 
   9245.00000000142     0.17628314020861016 
   9246.00000000142     0.17461036536930197 
   9247.00000000142      0.1729388138122875 
   9248.00000000142     0.17126842547360654 
   9249.00000000142      0.1695991664144155 
   9250.00000000142       0.167931027713975 
   9251.00000000142     0.16648288056153068 
  9252.000000001422     0.16503116961412678 
  9253.000000001422     0.16359631339576555 
  9254.000000001422     0.16215806290089424 
  9255.000000001422     0.16071652178157442 
  9256.000000001422     0.15920441046803438 
  9257.000000001422     0.15769066702171383 
  9258.000000001422     0.15617544798373298 
  9259.000000001422     0.15465892585389446 
  9260.000000001422     0.15314128808117214 
  9261.000000001424     0.15156707572451406 
  9262.000000001424     0.14999337528809395 
  9263.000000001424     0.14842041034796388 
  9264.000000001424     0.14684841505015206 
  9265.000000001424      0.1452776330849832 
  9266.000000001424      0.1437989821541544 
  9267.000000001424     0.14231898799157494 
  9268.000000001426      0.1408376895949405 
  9269.000000001426      0.1393347422703993 
  9270.000000001426     0.13783055183705034 
  9271.000000001426     0.13547951187991938 
  9272.000000001426     0.13314809035129002 
  9273.000000001426     0.13083627297636244 
  9274.000000001426     0.12854404365891817 
  9275.000000001426       0.126271384519405 
  9276.000000001426     0.12375017951249147 
  9277.000000001428     0.12125526117199009 
  9278.000000001428     0.11878655598651082 
  9279.000000001428     0.11634399160245912 
  9280.000000001428     0.11392749679972891 
  9281.000000001428     0.11226053560381286 
  9282.000000001428     0.11060009250531527 
  9283.000000001428     0.10894614372595088 
   9284.00000000143     0.10729866617751001 
   9285.00000000143     0.10563888720889592 
   9286.00000000143     0.10386913609220771 
   9287.00000000143     0.10212828354925023 
   9288.00000000143      0.1003973228191265 
   9289.00000000143     0.09867602762358826 
   9290.00000000143     0.09696420040685283 
   9291.00000000143     0.09507791901975844 
   9292.00000000143      0.0932063068824643 
  9293.000000001432     0.09134923882752459 
  9294.000000001432     0.08950661324117112 
  9295.000000001432     0.08767835046349218 
  9296.000000001432     0.08550250450885821 
  9297.000000001432      0.0833528481015942 
  9298.000000001432     0.08122932863656057 
  9299.000000001432     0.07913191276015497 
  9300.000000001433      0.0770605842794647 
  9301.000000001433     0.07506939154726074 
  9302.000000001433     0.07310213894823828 
  9303.000000001433     0.07117547679772453 
  9304.000000001433     0.06927250140665876 
  9305.000000001433     0.06739325523195955 
  9306.000000001433     0.06555458186344043 
  9307.000000001433     0.06373903620346531 
  9308.000000001433     0.06194667952017516 
  9309.000000001435     0.06017757410816107 
  9310.000000001435     0.05843178211201596 
  9311.000000001435     0.05664381584353091 
  9312.000000001435     0.05488216873720951 
  9313.000000001435    0.053146882415739415 
  9314.000000001435    0.051437993724486646 
  9315.000000001435     0.04975553384558102 
  9316.000000001437     0.04765152172158903 
  9317.000000001437     0.04559480747998443 
  9318.000000001437     0.04358526522020811 
  9319.000000001437    0.041609258650597634 
  9320.000000001437     0.03968076994692338 
  9321.000000001437     0.03834108089698924 
  9322.000000001437    0.037019890329347264 
  9323.000000001437     0.03571715594741889 
  9324.000000001437     0.03443283476939815 
  9325.000000001439     0.03316688310395359 
  9326.000000001439    0.032251532417372455 
  9327.000000001439     0.03133428128736904 
  9328.000000001439    0.030415135949905064 
  9329.000000001439    0.029494102566826542 
  9330.000000001439    0.028571187273742697 
  9331.000000001439    0.027424891029027947 
   9332.00000000144    0.026292404964727168 
   9333.00000000144    0.025173689026756804 
   9334.00000000144    0.024068703472841024 
   9335.00000000144    0.023197522459842797 
   9336.00000000144    0.021951591121594793 
   9337.00000000144    0.020973322774587105 
   9338.00000000144     0.02001811226054973 
   9339.00000000144    0.019074879654403788 
   9340.00000000144    0.018155208421918412 
  9341.000000001442     0.01756643729791695 
  9342.000000001442    0.016986652568444817 
  9343.000000001442     0.01640543989104687 
  9344.000000001442     0.01583340441201533 
  9345.000000001442    0.015270521532163522 
  9346.000000001442    0.015346476700388937 
  9347.000000001442    0.015408334066004142 
  9348.000000001444     0.01544601190668846 
  9349.000000001444     0.01544816667958367 
  9350.000000001444    0.015425677957543307 
  9351.000000001444    0.015104403978241561 
  9352.000000001444    0.014776461744299888 
  9353.000000001444    0.014429858243213764 
  9354.000000001444     0.01407643197748035 
  9355.000000001444    0.013728373270112532 
  9356.000000001444    0.013158673675567162 
  9357.000000001446    0.012585341600702958 
  9358.000000001446    0.012020522355539421 
  9359.000000001446    0.011475926359950614 
  9360.000000001446    0.010939555939100698 
  9361.000000001446    0.010527074433996902 
  9362.000000001446    0.010112039792907207 
  9363.000000001446    0.009694447773148589 
  9364.000000001448     0.00927429495923575 
  9365.000000001448    0.008863381113369467 
  9366.000000001448    0.008374571984134615 
  9367.000000001448    0.007879590210161186 
  9368.000000001448    0.007390223736427084 
  9369.000000001448    0.006917969247074607 
  9370.000000001448    0.006451156914433925 
  9371.000000001448    0.006073739986011359 
  9372.000000001448    0.005687933994418772 
   9373.00000000145     0.00530553019171014 
   9374.00000000145    0.004915008241765514 
   9375.00000000145      0.0045044151510678 
   9376.00000000145    0.004060668966186244 
   9377.00000000145   0.0036143113494834004 
   9378.00000000145   0.0031653535789255586 
   9379.00000000145    0.002725921856694551 
  9380.000000001452    0.002283978935841233 
  9381.000000001452   0.0018287092844847682 
  9382.000000001452   0.0013701936404276907 
  9383.000000001452    0.000920719122038046 
  9384.000000001452  0.00046810474007437147 
  9385.000000001452  0.00023485415883676739 
  9386.000000001452                     0.0 
