# LSST_u
# photon
# LSST u version 1.7 https://github.com/lsst/throughputs
 3199.0000000000455                     0.0 
 3200.0000000000455  2.7379579885716994e-14 
 3201.0000000000455   0.0006231605183218888 
  3202.000000000046   0.0012894124798230506 
 3203.0000000000464   0.0020001775463597076 
 3204.0000000000464   0.0027568986738168116 
 3205.0000000000464    0.003560648638288497 
  3206.000000000047    0.004420334879630009 
 3207.0000000000473    0.005333616617921148 
 3208.0000000000473    0.006301806344961298 
 3209.0000000000473    0.007326631451782844 
 3210.0000000000477    0.008409842483004738 
  3211.000000000048     0.00877272737693337 
  3212.000000000048    0.009143157862796295 
  3213.000000000048    0.009521208958593631 
 3214.0000000000487     0.00990695443014548 
  3215.000000000049    0.010299418650132793 
  3216.000000000049      0.0106283558271193 
  3217.000000000049    0.010961281999688495 
 3218.0000000000496    0.011297119736036502 
   3219.00000000005    0.011635839229888749 
   3220.00000000005     0.01197741031948299 
   3221.00000000005    0.012335799309174831 
 3222.0000000000505    0.012698611167104667 
  3223.000000000051    0.013065855615915925 
  3224.000000000051    0.013437542285116594 
  3225.000000000051      0.0138123722101736 
 3226.0000000000514    0.014311243857093876 
  3227.000000000052    0.014822644833766748 
  3228.000000000052    0.015345410658564573 
  3229.000000000052    0.015879686030416038 
 3230.0000000000523    0.016425616321288573 
 3231.0000000000528    0.016979657374242504 
 3232.0000000000528    0.017545960170354633 
 3233.0000000000528     0.01812467075805589 
  3234.000000000053    0.018715935538058153 
 3235.0000000000537    0.019318189233713784 
 3236.0000000000537      0.0198099584624303 
 3237.0000000000537     0.02031130235496268 
  3238.000000000054     0.02082056628490176 
 3239.0000000000546    0.021337807300546525 
 3240.0000000000546    0.021863082158632544 
 3241.0000000000546     0.02231513830953196 
  3242.000000000055    0.022770144351374352 
 3243.0000000000555    0.023228065191029178 
 3244.0000000000555     0.02368886545330369 
 3245.0000000000555    0.024150499008147516 
  3246.000000000056    0.024603138371397618 
 3247.0000000000564    0.025060069802269727 
 3248.0000000000564    0.025519244377572848 
 3249.0000000000564    0.025980624307204665 
  3250.000000000057    0.026444172495228752 
 3251.0000000000573     0.02703265964967624 
 3252.0000000000573     0.02762916610436786 
 3253.0000000000573    0.028233748796515308 
 3254.0000000000578     0.02884646602768422 
  3255.000000000058    0.029465064794492336 
  3256.000000000058     0.03022007977821081 
  3257.000000000058    0.030990293387172265 
 3258.0000000000587     0.03177351928919679 
  3259.000000000059    0.032569886346935625 
  3260.000000000059     0.03337952601658753 
  3261.000000000059     0.03415742184124812 
 3262.0000000000596     0.03494732175720446 
   3263.00000000006     0.03574934625328259 
   3264.00000000006     0.03656361913446051 
   3265.00000000006    0.037387491723966944 
 3266.0000000000605     0.03803797886804975 
  3267.000000000061      0.0386976844332451 
  3268.000000000061    0.039363860573626445 
  3269.000000000061    0.040036535526633214 
 3270.0000000000614     0.04071573758849783 
  3271.000000000062     0.04126021221917192 
  3272.000000000062      0.0418071274951332 
  3273.000000000062    0.042356462176907646 
 3274.0000000000623    0.042908194911373355 
 3275.0000000000628     0.04345924285934064 
 3276.0000000000628    0.044052072326484025 
 3277.0000000000628     0.04465147853002689 
  3278.000000000063    0.045254392523252515 
 3279.0000000000637     0.04586080666679719 
 3280.0000000000637     0.04647071325627916 
 3281.0000000000637     0.04738555416346919 
  3282.000000000064      0.0483123123974785 
 3283.0000000000646    0.049251075940568045 
 3284.0000000000646    0.050201933011688335 
 3285.0000000000646     0.05116154392761099 
  3286.000000000065     0.05224759138432259 
 3287.0000000000655    0.053352694562921466 
 3288.0000000000655     0.05447357220702496 
 3289.0000000000655    0.055610371652703355 
  3290.000000000066     0.05676324057844538 
 3291.0000000000664     0.05765045099087035 
 3292.0000000000664    0.058547270939724755 
 3293.0000000000664      0.0594537796617401 
  3294.000000000067     0.06037005572360023 
 3295.0000000000673    0.061292260968714735 
 3296.0000000000673      0.0620162844428572 
 3297.0000000000673     0.06274930366866457 
 3298.0000000000678      0.0634874260428538 
  3299.000000000068     0.06423067331888331 
  3300.000000000068     0.06497906555950571 
  3301.000000000068     0.06564178530385051 
 3302.0000000000687     0.06630720284578834 
  3303.000000000069     0.06697530493875826 
  3304.000000000069     0.06764607610225572 
  3305.000000000069     0.06831532786181721 
 3306.0000000000696     0.06907482384664054 
   3307.00000000007      0.0698431237593885 
   3308.00000000007     0.07061605167896534 
   3309.00000000007     0.07139359956515792 
 3310.0000000000705     0.07217575647413535 
  3311.000000000071     0.07309801991149731 
  3312.000000000071      0.0740286237044931 
  3313.000000000071     0.07484384389904138 
 3314.0000000000714      0.0756653901883538 
  3315.000000000072     0.07645731789706518 
  3316.000000000072     0.07741619078305904 
  3317.000000000072     0.07837886740969109 
 3318.0000000000723     0.07934988521315567 
 3319.0000000000728     0.08032928875571228 
 3320.0000000000728     0.08131712272278964 
 3321.0000000000728     0.08212448063610163 
  3322.000000000073     0.08293747784175928 
 3323.0000000000737     0.08375129978415448 
 3324.0000000000737     0.08457073530712407 
 3325.0000000000737     0.08540072177031253 
  3326.000000000074     0.08606307032419237 
 3327.0000000000746     0.08672381040968147 
 3328.0000000000746      0.0873878652720157 
 3329.0000000000746     0.08805524471673942 
  3330.000000000075     0.08872595856297491 
 3331.0000000000755     0.08918790666357193 
 3332.0000000000755     0.08965071991322747 
 3333.0000000000755      0.0901092953591366 
  3334.000000000076     0.09056869685029906 
 3335.0000000000764     0.09103405055799209 
 3336.0000000000764     0.09161076637975533 
 3337.0000000000764      0.0921842082782374 
  3338.000000000077      0.0927596827466965 
 3339.0000000000773     0.09333735723040408 
 3340.0000000000773     0.09391738987725537 
 3341.0000000000773     0.09471321493981338 
 3342.0000000000778     0.09551435723964147 
  3343.000000000078     0.09631562358771503 
  3344.000000000078     0.09712242339827641 
  3345.000000000078      0.0979402914791746 
 3346.0000000000787     0.09880328342572461 
  3347.000000000079     0.09961787497989495 
  3348.000000000079     0.10043822702958465 
  3349.000000000079     0.10111439990545913 
 3350.0000000000796      0.1017944335727839 
   3351.00000000008     0.10234003633300082 
   3352.00000000008     0.10288855564236679 
   3353.00000000008     0.10343997997019073 
 3354.0000000000805     0.10399428347162631 
  3355.000000000081     0.10455142561664034 
  3356.000000000081     0.10498908490951216 
  3357.000000000081     0.10542859472169827 
 3358.0000000000814     0.10586987808257754 
  3359.000000000082     0.10631284146193172 
  3360.000000000082     0.10675737444633916 
  3361.000000000082     0.10705791040886309 
 3362.0000000000823      0.1073588995290726 
 3363.0000000000828     0.10766017691108581 
 3364.0000000000828       0.107961560443415 
 3365.0000000000828      0.1082628505846524 
  3366.000000000083     0.10856383015175297 
 3367.0000000000837     0.10886513520803784 
 3368.0000000000837     0.10916677664164365 
 3369.0000000000837     0.10946876546201552 
  3370.000000000084     0.10977111279860056 
 3371.0000000000846     0.11011852127490226 
 3372.0000000000846     0.11046666797849855 
 3373.0000000000846     0.11081556544724355 
  3374.000000000085     0.11116522636164897 
 3375.0000000000855     0.11151566354532527 
 3376.0000000000855     0.11208360226769676 
 3377.0000000000855     0.11265347458715083 
  3378.000000000086     0.11322527713805064 
 3379.0000000000864     0.11379900525430514 
 3380.0000000000864     0.11437465293896001 
 3381.0000000000864     0.11494224843677747 
  3382.000000000087     0.11551171802463574 
 3383.0000000000873     0.11608305176647704 
 3384.0000000000873     0.11665623827863988 
 3385.0000000000873      0.1172312646985598 
 3386.0000000000878     0.11767479042396789 
  3387.000000000088     0.11811964698169265 
  3388.000000000088     0.11856575656050021 
  3389.000000000088     0.11901304620385257 
 3390.0000000000887     0.11946144791381957 
  3391.000000000089     0.11986024308248419 
  3392.000000000089     0.12025974819516962 
  3393.000000000089      0.1206599103718809 
 3394.0000000000896     0.12106068220095717 
   3395.00000000009     0.12146202183451804 
   3396.00000000009     0.12177240605374191 
   3397.00000000009     0.12208276010352899 
 3398.0000000000905     0.12239309251137447 
  3399.000000000091      0.1227034156596337 
  3400.000000000091     0.12301374583288496 
  3401.000000000091     0.12335991728751262 
 3402.0000000000914     0.12370637423924126 
  3403.000000000092     0.12405314516677549 
  3404.000000000092     0.12440026267537775 
  3405.000000000092     0.12474776354881935 
 3406.0000000000923     0.12518914841341938 
 3407.0000000000928     0.12563138360394246 
 3408.0000000000928     0.12607451907338704 
 3409.0000000000928     0.12651860932900225 
  3410.000000000093      0.1269637135045301 
 3411.0000000000937     0.12736420494859954 
 3412.0000000000937     0.12776566841527753 
 3413.0000000000937      0.1281681769260059 
  3414.000000000094     0.12857180830780704 
 3415.0000000000946      0.1289766452604937 
 3416.0000000000946     0.12938288221107458 
 3417.0000000000946     0.12979020465447438 
  3418.000000000095      0.1301985626574184 
 3419.0000000000955     0.13060790564188612 
 3420.0000000000955     0.13101818238157095 
 3421.0000000000955     0.13141003348070834 
  3422.000000000096     0.13180260741975705 
 3423.0000000000964     0.13219585076212226 
 3424.0000000000964     0.13258970944084633 
 3425.0000000000964     0.13298412875538018 
  3426.000000000097       0.133281692924087 
 3427.0000000000973     0.13357942385225438 
 3428.0000000000973      0.1338773473711632 
 3429.0000000000973      0.1341754895445045 
 3430.0000000000978     0.13447387667105395 
  3431.000000000098      0.1347618495083915 
  3432.000000000098     0.13505010482393598 
  3433.000000000098     0.13533866967577465 
 3434.0000000000987      0.1356275713497284 
  3435.000000000099     0.13591683736055588 
  3436.000000000099     0.13620694456182786 
  3437.000000000099     0.13649776301173228 
 3438.0000000000996     0.13678917277516786 
    3439.0000000001     0.13708106403214387 
    3440.0000000001     0.13737333719195424 
    3441.0000000001     0.13770052336276167 
 3442.0000000001005     0.13802804824804982 
  3443.000000000101     0.13835584361031072 
  3444.000000000101      0.1386838518394039 
  3445.000000000101     0.13901202608234078 
 3446.0000000001014      0.1394409887740972 
  3447.000000000102     0.13987018882197916 
  3448.000000000102     0.14029958233683798 
  3449.000000000102      0.1407291320795631 
 3450.0000000001023     0.14115880756873123 
  3451.000000000103      0.1415284526556683 
  3452.000000000103     0.14189795890790138 
  3453.000000000103     0.14226731733570713 
 3454.0000000001032     0.14263652613812314 
 3455.0000000001037     0.14300559079454153 
 3456.0000000001037     0.14332343281748627 
 3457.0000000001037      0.1436412121830309 
  3458.000000000104      0.1439589871553075 
 3459.0000000001046     0.14427682823862192 
 3460.0000000001046     0.14459481830553012 
 3461.0000000001046      0.1449002437215926 
  3462.000000000105     0.14520599266719378 
 3463.0000000001055      0.1455121858924062 
 3464.0000000001055     0.14581895698948732 
 3465.0000000001055     0.14612645251867556 
  3466.000000000106      0.1464347718265446 
 3467.0000000001064     0.14674344108173537 
 3468.0000000001064     0.14705246538349104 
 3469.0000000001064      0.1473618483801825 
  3470.000000000107     0.14767159225319923 
 3471.0000000001073      0.1479940686196904 
 3472.0000000001073     0.14831694387060215 
 3473.0000000001073     0.14864021572536343 
  3474.000000000108     0.14896388037268887 
 3475.0000000001082      0.1492879324548219 
 3476.0000000001082     0.14961236505652467 
 3477.0000000001082     0.14993725492555604 
 3478.0000000001087     0.15026261763829976 
  3479.000000000109      0.1505884689025464 
  3480.000000000109     0.15091482455795158 
  3481.000000000109     0.15120544953802187 
 3482.0000000001096     0.15149649373907842 
   3483.00000000011     0.15178797319280055 
   3484.00000000011     0.15207990405075586 
   3485.00000000011       0.152372302582154 
 3486.0000000001105     0.15271921877482664 
  3487.000000000111     0.15306712747595494 
  3488.000000000111       0.153415791387296 
  3489.000000000111     0.15376498664156094 
 3490.0000000001114     0.15411450296597076 
  3491.000000000112     0.15441433118820913 
  3492.000000000112      0.1547139750811476 
  3493.000000000112     0.15501326675328791 
 3494.0000000001123     0.15531205279493912 
  3495.000000000113     0.15561019442786128 
  3496.000000000113     0.15590750349413826 
  3497.000000000113     0.15620398236649477 
 3498.0000000001132      0.1564995849394122 
 3499.0000000001137     0.15679428070465248 
 3500.0000000001137      0.1570880549013627 
 3501.0000000001137      0.1573211919019272 
  3502.000000000114     0.15755328660790702 
 3503.0000000001146     0.15778437366602033 
 3504.0000000001146     0.15801450398255698 
 3505.0000000001146     0.15824374483823467 
  3506.000000000115      0.1585268719903947 
 3507.0000000001155     0.15880945537355518 
 3508.0000000001155     0.15909158979997573 
 3509.0000000001155      0.1593733885601689 
  3510.000000000116     0.15965498357773567 
 3511.0000000001164     0.15991185996265628 
 3512.0000000001164     0.16016881618284137 
 3513.0000000001164     0.16042604103615996 
  3514.000000000117     0.16068374246327943 
 3515.0000000001173     0.16094214769605902 
 3516.0000000001173      0.1612567187560647 
 3517.0000000001173     0.16157159359202633 
  3518.000000000118     0.16188677771559473 
 3519.0000000001182     0.16220227503899756 
 3520.0000000001182     0.16251808785715036 
 3521.0000000001182     0.16286039725333845 
 3522.0000000001187     0.16320304709205816 
  3523.000000000119     0.16354603462123715 
  3524.000000000119     0.16388935540692942 
  3525.000000000119     0.16423300331338725 
 3526.0000000001196     0.16452104898897796 
   3527.00000000012     0.16480937825696584 
   3528.00000000012     0.16509800795301863 
   3529.00000000012     0.16538695503113374 
 3530.0000000001205     0.16567623656300837 
  3531.000000000121     0.16592937209840045 
  3532.000000000121     0.16618277717308932 
  3533.000000000121     0.16643646907116763 
 3534.0000000001214      0.1666904651806504 
  3535.000000000122      0.1669447829948583 
  3536.000000000122      0.1671427855474459 
  3537.000000000122      0.1673408206608944 
 3538.0000000001223     0.16753894590153917 
  3539.000000000123     0.16773721230861982 
  3540.000000000123     0.16793566435257076 
  3541.000000000123     0.16823566761050562 
 3542.0000000001232     0.16853614725375904 
 3543.0000000001237     0.16883712825743993 
 3544.0000000001237     0.16913862891105763 
 3545.0000000001237     0.16944066075576641 
  3546.000000000124     0.16974322852592244 
 3547.0000000001246     0.17004642683874538 
 3548.0000000001246     0.17035027565489602 
 3549.0000000001246      0.1706547898788222 
  3550.000000000125     0.17095997931248272 
 3551.0000000001255      0.1712326563974269 
 3552.0000000001255      0.1715059133850211 
 3553.0000000001255     0.17177974417513617 
  3554.000000000126      0.1720541373886398 
 3555.0000000001264     0.17232907632378647 
 3556.0000000001264      0.1726045389145748 
 3557.0000000001264      0.1728804976886139 
  3558.000000000127     0.17315691972389263 
 3559.0000000001273      0.1734337666069522 
 3560.0000000001273     0.17371099438844495 
 3561.0000000001273      0.1739459260463429 
  3562.000000000128     0.17418106652326357 
 3563.0000000001282     0.17441635504357011 
 3564.0000000001282     0.17465172518863614 
 3565.0000000001282     0.17488710486217482 
 3566.0000000001287     0.17518057713597124 
  3567.000000000129     0.17547431456220564 
  3568.000000000129      0.1757683171667446 
  3569.000000000129     0.17606258497473656 
 3570.0000000001296     0.17635711801217735 
   3571.00000000013     0.17663114986460876 
   3572.00000000013      0.1769053922080107 
   3573.00000000013     0.17717984502483872 
 3574.0000000001305     0.17745450829906492 
  3575.000000000131     0.17772938201365843 
  3576.000000000131     0.17800446615152957 
  3577.000000000131     0.17827976069584583 
 3578.0000000001314     0.17855526562971719 
  3579.000000000132     0.17883098093587876 
  3580.000000000132      0.1791069065976431 
  3581.000000000132     0.17939913317355194 
 3582.0000000001323      0.1796916181434341 
  3583.000000000133     0.17998436154041775 
  3584.000000000133      0.1802773633975619 
  3585.000000000133     0.18057062374880323 
 3586.0000000001332     0.18080465845734778 
 3587.0000000001337     0.18103869263368716 
 3588.0000000001337     0.18127280016874078 
 3589.0000000001337     0.18150704981752563 
  3590.000000000134     0.18174150516142787 
 3591.0000000001346      0.1820412743954933 
 3592.0000000001346      0.1823414862688058 
 3593.0000000001346     0.18264218888645337 
  3594.000000000135     0.18294342510263323 
 3595.0000000001355      0.1832452324730169 
 3596.0000000001355     0.18354764321307387 
 3597.0000000001355     0.18385068415076236 
  3598.000000000136     0.18415437668127552 
 3599.0000000001364     0.18445873672286772 
 3600.0000000001364      0.1847637746711608 
 3601.0000000001364      0.1850010712659856 
  3602.000000000137       0.185238917110305 
 3603.0000000001373     0.18547730528865775 
 3604.0000000001373     0.18571622319575806 
 3605.0000000001373     0.18595565250208565 
  3606.000000000138     0.18625592590601803 
 3607.0000000001382      0.1865567238651788 
 3608.0000000001382     0.18685803629468833 
 3609.0000000001382      0.1871598454489839 
 3610.0000000001387     0.18746212585935304 
  3611.000000000139      0.1877433699805469 
  3612.000000000139     0.18802495309780673 
  3613.000000000139      0.1883068261244869 
 3614.0000000001396     0.18858893203168925 
   3615.00000000014     0.18887120578879477 
   3616.00000000014     0.18915365218646216 
   3617.00000000014     0.18943648575083305 
 3618.0000000001405     0.18971968800235245 
  3619.000000000141     0.19000324034964858 
  3620.000000000141      0.1902871240879991 
  3621.000000000141     0.19050523097183114 
 3622.0000000001414     0.19072351695644207 
  3623.000000000142     0.19094196292312826 
  3624.000000000142     0.19116054966603852 
  3625.000000000142     0.19137925789208604 
 3626.0000000001423      0.1916594777940037 
  3627.000000000143     0.19193983030634942 
  3628.000000000143     0.19222032192641728 
  3629.000000000143     0.19250095723817315 
 3630.0000000001432     0.19278173890045155 
 3631.0000000001437     0.19308147806503895 
 3632.0000000001437     0.19338141989780425 
 3633.0000000001437     0.19368156123600694 
  3634.000000000144     0.19398189693162743 
 3635.0000000001446     0.19428241983697947 
 3636.0000000001446      0.1945211724429891 
 3637.0000000001446     0.19476014173841233 
  3638.000000000145     0.19499932107087042 
 3639.0000000001455      0.1952387057349701 
 3640.0000000001455     0.19547829298216438 
 3641.0000000001455     0.19580704802674315 
  3642.000000000146     0.19613621039271636 
 3643.0000000001464     0.19646578352418032 
 3644.0000000001464     0.19679577288095534 
 3645.0000000001464      0.1971261859566835 
  3646.000000000147       0.197457032293577 
 3647.0000000001473     0.19778821102254068 
 3648.0000000001473      0.1981197021368657 
 3649.0000000001473     0.19845148549573863 
  3650.000000000148     0.19878354082557143 
 3651.0000000001482     0.19904250717400807 
 3652.0000000001482     0.19930154097745617 
 3653.0000000001482     0.19956062158659787 
 3654.0000000001487      0.1998197282471165 
  3655.000000000149     0.20007884010053842 
  3656.000000000149     0.20040113164704113 
  3657.000000000149     0.20072357075138605 
 3658.0000000001496      0.2010461974888907 
   3659.00000000015     0.20136905219249912 
   3660.00000000015      0.2016921754559885 
   3661.00000000015      0.2020186540089083 
 3662.0000000001505      0.2023454922482767 
  3663.000000000151     0.20267273155288154 
  3664.000000000151     0.20300041356626009 
  3665.000000000151     0.20332858019643157 
 3666.0000000001514     0.20359345488968764 
  3667.000000000152     0.20385871071377148 
  3668.000000000152      0.2041243277397306 
  3669.000000000152     0.20439028593198422 
 3670.0000000001523      0.2046565651505535 
  3671.000000000153     0.20499561048173676 
  3672.000000000153      0.2053351006177414 
  3673.000000000153     0.20567501530927934 
 3674.0000000001532      0.2060153341717076 
 3675.0000000001537       0.206356036683633 
 3676.0000000001537     0.20669710218828974 
 3677.0000000001537     0.20703850989110364 
  3678.000000000154      0.2073802388610683 
 3679.0000000001546     0.20772226802934837 
 3680.0000000001546     0.20806457618925087 
 3681.0000000001546     0.20829353653710023 
  3682.000000000155      0.2085224967966904 
 3683.0000000001555      0.2087514354120977 
 3684.0000000001555     0.20898033073529518 
 3685.0000000001555      0.2092091610263905 
  3686.000000000156     0.20950354519092465 
 3687.0000000001564     0.20979837573633858 
 3688.0000000001564     0.21009349504850097 
 3689.0000000001564      0.2103887595490346 
  3690.000000000157      0.2106840397983222 
 3691.0000000001573      0.2109221391186892 
 3692.0000000001573      0.2111599587110739 
 3693.0000000001573     0.21139741258909164 
  3694.000000000158     0.21163442939622243 
 3695.0000000001583     0.21187095249074692 
 3696.0000000001583     0.21217258748738727 
 3697.0000000001583     0.21247364426945853 
 3698.0000000001587      0.2127740741329004 
  3699.000000000159      0.2130738410699649 
  3700.000000000159      0.2133729218601497 
  3701.000000000159     0.21366831106416032 
 3702.0000000001596      0.2139630022284125 
   3703.00000000016     0.21425701108103906 
   3704.00000000016     0.21455036649902873 
   3705.00000000016     0.21484311059728767 
 3706.0000000001605     0.21506923251393031 
  3707.000000000161     0.21529482655991627 
  3708.000000000161     0.21551994635327018 
  3709.000000000161     0.21574466104675438 
 3710.0000000001614     0.21596905540797462 
  3711.000000000162     0.21625697536537203 
  3712.000000000162     0.21654488739011168 
  3713.000000000162     0.21683292351977326 
 3714.0000000001623      0.2171212319003884 
  3715.000000000163     0.21740997689123187 
  3716.000000000163     0.21763261378994822 
  3717.000000000163     0.21785516838926292 
 3718.0000000001633     0.21807766217761873 
 3719.0000000001637     0.21830011673281205 
 3720.0000000001637      0.2185225537253497 
 3721.0000000001637     0.21880322506569283 
  3722.000000000164     0.21908400355675245 
 3723.0000000001646     0.21936491110240913 
 3724.0000000001646     0.21964596972143824 
 3725.0000000001646      0.2199272015473466 
  3726.000000000165     0.22014153296448452 
 3727.0000000001655     0.22035599240105802 
 3728.0000000001655     0.22057060228190062 
 3729.0000000001655     0.22078538512114815 
  3730.000000000166     0.22100036352020216 
 3731.0000000001664     0.22129464180388117 
 3732.0000000001664     0.22158927964079742 
 3733.0000000001664     0.22188430010940327 
  3734.000000000167      0.2221797264095779 
 3735.0000000001673     0.22247558186393573 
 3736.0000000001673      0.2227037721282327 
 3737.0000000001673      0.2229318588970853 
  3738.000000000168      0.2231600099391776 
 3739.0000000001683     0.22338837787216737 
 3740.0000000001683     0.22361710008328434 
 3741.0000000001683     0.22391847048672334 
 3742.0000000001687     0.22422053988577395 
  3743.000000000169      0.2245234000759905 
  3744.000000000169       0.224827127396707 
  3745.000000000169     0.22513178262715874 
 3746.0000000001696      0.2253693440274156 
   3747.00000000017     0.22560793317895173 
   3748.00000000017     0.22584760098495554 
   3749.00000000017     0.22608838481555407 
 3750.0000000001705      0.2263303084388597 
  3751.000000000171     0.22660342755768145 
  3752.000000000171     0.22687770861533912 
  3753.000000000171     0.22715313447940824 
 3754.0000000001714     0.22742967410136192 
  3755.000000000172     0.22770728243189015 
  3756.000000000172     0.22791728057248406 
  3757.000000000172       0.228128068843386 
 3758.0000000001723     0.22833959014551436 
  3759.000000000173     0.22855177095615578 
  3760.000000000173     0.22876452125311428 
  3761.000000000173      0.2290861725151967 
 3762.0000000001733     0.22940834951153694 
 3763.0000000001737      0.2297309125181548 
 3764.0000000001737      0.2300537047095982 
 3765.0000000001737     0.23037655204344726 
  3766.000000000174     0.23063032774349332 
 3767.0000000001746     0.23088449691505167 
 3768.0000000001746       0.231139036896253 
 3769.0000000001746     0.23139392492389368 
  3770.000000000175     0.23164913813326454 
 3771.0000000001755     0.23194827348821018 
 3772.0000000001755      0.2322477414749633 
 3773.0000000001755     0.23254751897476375 
  3774.000000000176      0.2328475827497405 
 3775.0000000001764      0.2331479094422948 
 3776.0000000001764     0.23337893477229746 
 3777.0000000001764      0.2336100796655445 
  3778.000000000177      0.2338413204049375 
 3779.0000000001774     0.23407263317959626 
 3780.0000000001774        0.23430399408772 
 3781.0000000001774      0.2346089792336385 
  3782.000000000178      0.2349140698597135 
 3783.0000000001783     0.23521924167685535 
 3784.0000000001783     0.23552447027228846 
 3785.0000000001783     0.23582973111041924 
 3786.0000000001787     0.23606487425178843 
  3787.000000000179      0.2362999739020604 
  3788.000000000179     0.23653507747218674 
  3789.000000000179      0.2367702325610074 
 3790.0000000001796     0.23700548695613075 
   3791.00000000018     0.23721985179163846 
   3792.00000000018      0.2374343781219522 
   3793.00000000018     0.23729655787337212 
 3794.0000000001805     0.23715835800544058 
  3795.000000000181     0.23688901294068945 
  3796.000000000181      0.2366892280348457 
  3797.000000000181      0.2365018068224724 
 3798.0000000001814     0.23631364240994013 
  3799.000000000182     0.23612470926198958 
  3800.000000000182      0.2359349819171406 
  3801.000000000182      0.2356820490847932 
 3802.0000000001824     0.23542839606345425 
  3803.000000000183     0.23518719724372866 
  3804.000000000183     0.23494525451781284 
  3805.000000000183     0.23468931743725643 
 3806.0000000001833     0.23450149622171748 
 3807.0000000001837     0.23432583635958795 
 3808.0000000001837     0.23414911928530718 
 3809.0000000001837      0.2339713496987158 
  3810.000000000184     0.23379252991525107 
 3811.0000000001846     0.23352241804508347 
 3812.0000000001846     0.23325144001048329 
 3813.0000000001846      0.2329929406467083 
  3814.000000000185     0.23273358990824214 
 3815.0000000001855     0.23246000463011293 
 3816.0000000001855      0.2322536878138275 
 3817.0000000001855     0.23205986025383446 
  3818.000000000186     0.23186513781058302 
 3819.0000000001864     0.23166951308883976 
 3820.0000000001864       0.231472981056507 
 3821.0000000001864     0.23121623062036448 
  3822.000000000187     0.23095868862953603 
 3823.0000000001874     0.23071385720951101 
 3824.0000000001874      0.2304682691303773 
 3825.0000000001874     0.23020840310807592 
  3826.000000000188      0.2300149811582731 
 3827.0000000001883     0.22971202527488777 
 3828.0000000001883     0.22940770378367567 
 3829.0000000001883      0.2287211459202579 
 3830.0000000001887     0.22803210059164636 
  3831.000000000189     0.22724265151227463 
  3832.000000000189     0.22645131674637115 
  3833.000000000189     0.22565805472924508 
 3834.0000000001896     0.22486282677941194 
   3835.00000000019      0.2240792771143407 
   3836.00000000019      0.2232939007030223 
   3837.00000000019      0.2224930218175891 
 3838.0000000001905     0.22169026675970485 
  3839.000000000191     0.22088559151442833 
  3840.000000000191      0.2200789616427791 
  3841.000000000191      0.2192807580273505 
 3842.0000000001914     0.21848048703901818 
  3843.000000000192     0.21767814165638763 
  3844.000000000192     0.21687372378760186 
  3845.000000000192      0.2160810494384142 
 3846.0000000001924     0.21534874189633654 
  3847.000000000193     0.21459998655558937 
  3848.000000000193     0.21384858901279102 
  3849.000000000193     0.21309455604658314 
 3850.0000000001933     0.21233790083192758 
 3851.0000000001937      0.2114901122646154 
 3852.0000000001937     0.21064047709149122 
 3853.0000000001937      0.2097890290052307 
  3854.000000000194     0.20893580755825708 
 3855.0000000001946     0.20809480166415226 
 3856.0000000001946     0.20731193605022932 
 3857.0000000001946     0.20651285907261976 
  3858.000000000195     0.20571154214918697 
 3859.0000000001955     0.20490801680230974 
 3860.0000000001955     0.20410231820967636 
 3861.0000000001955     0.20326382332676396 
  3862.000000000196     0.20242353451229608 
 3863.0000000001965     0.20158149757962837 
 3864.0000000001965     0.20073776162226972 
 3865.0000000001965     0.19990646081197894 
  3866.000000000197     0.19907359428189747 
 3867.0000000001974      0.1982248877796096 
 3868.0000000001974     0.19737442147049059 
 3869.0000000001974       0.196522193631912 
  3870.000000000198     0.19566820254036796 
 3871.0000000001983     0.19486628307633225 
 3872.0000000001983     0.19406209159322113 
 3873.0000000001983     0.19325562534510757 
 3874.0000000001987     0.19244688158353854 
  3875.000000000199      0.1916500875922352 
  3876.000000000199     0.19079646860762045 
  3877.000000000199     0.18992686240559473 
 3878.0000000001996      0.1890554973196041 
    3879.0000000002     0.18818237164954874 
    3880.0000000002     0.18730748369442365 
    3881.0000000002     0.18641843123514393 
 3882.0000000002005       0.185527733544828 
  3883.000000000201     0.18463538921813186 
  3884.000000000201     0.18374139684884022 
  3885.000000000201     0.18286010825797613 
 3886.0000000002015     0.18202887262427742 
  3887.000000000202      0.1811809477397235 
  3888.000000000202      0.1803307604390531 
  3889.000000000202     0.17947837749188794 
 3890.0000000002024     0.17862385894843338 
  3891.000000000203     0.17772006122646272 
  3892.000000000203     0.17681474051665352 
  3893.000000000203     0.17590793812138508 
 3894.0000000002033     0.17499968907937619 
 3895.0000000002037     0.17410451651586903 
 3896.0000000002037      0.1732079025637942 
 3897.0000000002037     0.17229537192528183 
  3898.000000000204     0.17138145430497012 
 3899.0000000002046      0.1704661773820006 
 3900.0000000002046     0.16954956120707282 
 3901.0000000002046      0.1686717989315063 
  3902.000000000205      0.1677922482621031 
 3903.0000000002055     0.16691090702524702 
 3904.0000000002055      0.1660277661488613 
 3905.0000000002055     0.16515744626802542 
  3906.000000000206      0.1642388733891552 
 3907.0000000002065     0.16330435240577734 
 3908.0000000002065     0.16236848554267866 
 3909.0000000002065     0.16143123264641634 
  3910.000000000207      0.1604925478067582 
 3911.0000000002074      0.1595664618835097 
 3912.0000000002074     0.15863866968547363 
 3913.0000000002074     0.15770910876871394 
  3914.000000000208     0.15677771168945068 
 3915.0000000002083     0.15585917118439305 
 3916.0000000002083     0.15493873629147867 
 3917.0000000002083     0.15400177212829283 
 3918.0000000002087     0.15306300840360992 
  3919.000000000209     0.15212241059618992 
  3920.000000000209     0.15117994494108572 
  3921.000000000209      0.1502622589409618 
 3922.0000000002096     0.14934227540155495 
   3923.00000000021      0.1484199623716281 
   3924.00000000021     0.14749528865182351 
   3925.00000000021     0.14658313864809672 
 3926.0000000002105     0.14562770532099165 
  3927.000000000211     0.14465555838119715 
  3928.000000000211     0.14368160798475127 
  3929.000000000211      0.1427058510273706 
 3930.0000000002115     0.14172828594524423 
  3931.000000000212     0.14075086692943348 
  3932.000000000212     0.13977161507854124 
  3933.000000000212     0.13879053305083908 
 3934.0000000002124      0.1378076248456437 
  3935.000000000213      0.1368379328897652 
  3936.000000000213      0.1359043308760866 
  3937.000000000213      0.1349532058338334 
 3938.0000000002133      0.1339996599287642 
 3939.0000000002137     0.13304375369534358 
 3940.0000000002137     0.13208554325718996 
 3941.0000000002137     0.13107938765706859 
  3942.000000000214     0.13007174456819942 
 3943.0000000002146     0.12906265855776217 
 3944.0000000002146      0.1280521700783931 
 3945.0000000002146     0.12705549180604825 
  3946.000000000215     0.12605739925925266 
 3947.0000000002156      0.1250426903726405 
 3948.0000000002156     0.12402658289008936 
 3949.0000000002156     0.12300911053003337 
  3950.000000000216     0.12199029948030078 
 3951.0000000002165     0.12097708721496601 
 3952.0000000002165     0.11996245108837972 
 3953.0000000002165     0.11894639597712865 
  3954.000000000217     0.11792892024808845 
 3955.0000000002174     0.11692531236649287 
 3956.0000000002174     0.11592052560704043 
 3957.0000000002174     0.11489912808034747 
  3958.000000000218     0.11387630920281211 
 3959.0000000002183     0.11285196532166264 
 3960.0000000002183     0.11182599607937387 
 3961.0000000002183     0.11082125031920297 
 3962.0000000002187     0.10981424287866161 
  3963.000000000219     0.10880488273688824 
  3964.000000000219     0.10779308215311188 
  3965.000000000219     0.10679419829744602 
 3966.0000000002196     0.10576358172631561 
   3967.00000000022     0.10471569489043295 
   3968.00000000022     0.10366590780020364 
   3969.00000000022     0.10261415811912904 
 3970.0000000002206     0.10156039247053943 
  3971.000000000221     0.10051443587260073 
  3972.000000000221       0.099466174897846 
  3973.000000000221     0.09841558054655763 
 3974.0000000002215     0.09736263152599899 
  3975.000000000222     0.09632288001338744 
  3976.000000000222     0.09528077883608416 
  3977.000000000222     0.09422084288346286 
 3978.0000000002224     0.09315867209140151 
  3979.000000000223     0.09209430687625346 
  3980.000000000223     0.09102779377359442 
  3981.000000000223     0.08995512586249294 
 3982.0000000002233     0.08888051709836112 
 3983.0000000002237     0.08780402997587188 
 3984.0000000002237     0.08672573132874141 
 3985.0000000002237     0.08566138078044443 
  3986.000000000224     0.08461868530707524 
 3987.0000000002246     0.08355786515730453 
 3988.0000000002246     0.08249462843582189 
 3989.0000000002246     0.08142899600116757 
  3990.000000000225     0.08036099019689126 
 3991.0000000002256     0.07926805537056279 
 3992.0000000002256     0.07817343070641548 
 3993.0000000002256     0.07707714292248376 
  3994.000000000226      0.0759792195120948 
 3995.0000000002265     0.07489551602709689 
 3996.0000000002265      0.0738102568514231 
 3997.0000000002265      0.0727074963268696 
  3998.000000000227     0.07160306058522008 
 3999.0000000002274     0.07049694830299583 
 4000.0000000002274     0.06938915815632697 
 4001.0000000002274     0.06827747798468078 
  4002.000000000228     0.06716419004339645 
 4003.0000000002283     0.06604929313025146 
 4004.0000000002283     0.06493278604271184 
 4005.0000000002283     0.06383060928832608 
 4006.0000000002287     0.06272684235171117 
  4007.000000000229     0.06160551993025183 
  4008.000000000229     0.06048258252995798 
  4009.000000000229     0.05935802894571227 
 4010.0000000002296     0.05823185797179749 
   4011.00000000023     0.05712190748822876 
   4012.00000000023     0.05600962417069991 
   4013.00000000023     0.05489500574606182 
 4014.0000000002306     0.05377804993980397 
  4015.000000000231    0.052674833485283415 
  4016.000000000231     0.05155526372864017 
  4017.000000000231    0.050417897901330624 
 4018.0000000002315    0.049278813624516096 
  4019.000000000232     0.04813800950955542 
  4020.000000000232      0.0469954841673582 
  4021.000000000232     0.04584433811014527 
 4022.0000000002324     0.04469181444362253 
  4023.000000000233    0.043537912432559285 
  4024.000000000233    0.042382631341599065 
  4025.000000000233    0.041242156524992614 
 4026.0000000002333     0.04010032018983592 
 4027.0000000002337    0.038940916485071156 
 4028.0000000002337     0.03778013076449497 
 4029.0000000002337     0.03661796229214289 
  4030.000000000234     0.03545441033186371 
 4031.0000000002346     0.03429339126337399 
 4032.0000000002346    0.033130721095295024 
 4033.0000000002346     0.03196639858079953 
  4034.000000000235    0.030800422472676916 
 4035.0000000002356     0.02994231490874607 
 4036.0000000002356    0.029082985107483614 
 4037.0000000002356    0.028499762403829065 
  4038.000000000236    0.027915704189422477 
 4039.0000000002365     0.02734714623982696 
 4040.0000000002365    0.026777774395489933 
 4041.0000000002365     0.02620827969032236 
  4042.000000000237    0.025637939839272712 
 4043.0000000002374    0.025050370654420933 
 4044.0000000002374    0.024461931152920887 
 4045.0000000002374    0.023889027925806286 
  4046.000000000238    0.023321576507632606 
 4047.0000000002383     0.02273652265312353 
 4048.0000000002383     0.02215027250618007 
 4049.0000000002383    0.021579297657148486 
 4050.0000000002387    0.021007156978806604 
  4051.000000000239    0.020426512664763988 
  4052.000000000239    0.019845119865224047 
  4053.000000000239    0.019246457522313454 
 4054.0000000002397    0.018647024734905433 
   4055.00000000024      0.0180633625361905 
   4056.00000000024     0.01747894986770488 
   4057.00000000024    0.016877223699706644 
 4058.0000000002406     0.01627472506475123 
  4059.000000000241    0.015688037003136854 
  4060.000000000241    0.015100596484492664 
  4061.000000000241    0.014513015609691055 
 4062.0000000002415    0.013924631475836518 
  4063.000000000242     0.01331881576859108 
  4064.000000000242    0.012712173173352076 
  4065.000000000242    0.012121353304770145 
 4066.0000000002424    0.011529727847815415 
  4067.000000000243    0.010920623514594247 
  4068.000000000243      0.0103106899190793 
  4069.000000000243    0.009716621690643839 
 4070.0000000002433     0.00912174554066532 
 4071.0000000002437    0.008526055211261908 
 4072.0000000002437    0.007929556675621544 
 4073.0000000002437    0.007315509039470199 
  4074.000000000244   0.0067006294421336045 
 4075.0000000002447    0.006101680124857225 
 4076.0000000002447    0.005501920192508179 
 4077.0000000002447    0.004884563603017922 
  4078.000000000245    0.004266372596781528 
 4079.0000000002456   0.0036641546050402026 
 4080.0000000002456   0.0030611235849039666 
 4081.0000000002456   0.0024571705675521063 
  4082.000000000246   0.0018524566534868752 
 4083.0000000002465    0.001230130246728363 
 4084.0000000002465   0.0006070207720385247 
 4085.0000000002465   0.0003037010680071528 
  4086.000000000247                     0.0 
