# LSST_g
# photon
# LSST g version 1.7 https://github.com/lsst/throughputs
 3863.0000000001965                    0.0 
 3864.0000000001965  5.257458666404899e-14 
 3865.0000000001965  0.0002675558436304886 
  3866.000000000197  0.0005355987386128909 
 3867.0000000001974  0.0010580646633642102 
 3868.0000000001974  0.0015814805556014534 
 3869.0000000001974  0.0021199805139368935 
  3870.000000000198  0.0026594579293710025 
 3871.0000000001983  0.0031866351983174026 
 3872.0000000001983  0.0037150568463349917 
 3873.0000000001983   0.004258920708517812 
 3874.0000000001987   0.004804065434029525 
  3875.000000000199  0.0053504924960057895 
  3876.000000000199   0.005896516721785982 
  3877.000000000199   0.006429258796548587 
 3878.0000000001996   0.006962949637245404 
    3879.0000000002   0.007511871252121195 
    3880.0000000002   0.008061768986962712 
    3881.0000000002   0.008597765111950682 
 3882.0000000002005   0.009134642228981995 
  3883.000000000201   0.009686730548157475 
  3884.000000000201   0.010239725050857658 
  3885.000000000201   0.010779273257712533 
 3886.0000000002015   0.011322920084424442 
  3887.000000000202   0.011882132817354011 
  3888.000000000202   0.012442563250349115 
  3889.000000000202   0.012989799833056837 
 3890.0000000002024   0.013538233653458638 
  3891.000000000203    0.01409857593746279 
  3892.000000000203   0.014659864831191112 
  3893.000000000203   0.015222106679713854 
 3894.0000000002033    0.01578530793595407 
 3895.0000000002037   0.016334980862049174 
 3896.0000000002037     0.0168855945214277 
 3897.0000000002037   0.017451675828413466 
  3898.000000000204    0.01801873862470115 
 3899.0000000002046    0.01857224712212104 
 3900.0000000002046    0.01912672762943835 
 3901.0000000002046   0.019701448998445326 
  3902.000000000205    0.02027744958145549 
 3903.0000000002055   0.020840131623642417 
 3904.0000000002055   0.021404072705490336 
 3905.0000000002055   0.021983913886582003 
  3906.000000000206   0.022558675082137183 
 3907.0000000002065   0.023134416742790494 
 3908.0000000002065   0.023711139764916456 
 3909.0000000002065   0.024274158788877155 
  3910.000000000207   0.024838132398814865 
 3911.0000000002074   0.025420009784857155 
 3912.0000000002074   0.026002959965301477 
 3913.0000000002074    0.02657223839936517 
  3914.000000000208     0.0271425469995159 
 3915.0000000002083    0.02800917466266213 
 3916.0000000002083   0.028877364623846387 
 3917.0000000002083   0.030013408476723544 
 3918.0000000002087   0.031151535082614097 
  3919.000000000209   0.032291742103455784 
  3920.000000000209   0.033434026285330605 
  3921.000000000209    0.03458452426883976 
 3922.0000000002096   0.035737490550292135 
   3923.00000000021   0.036892919555015516 
   3924.00000000021    0.03805080476966265 
   3925.00000000021    0.03921113873715429 
 3926.0000000002105    0.04036257843284935 
  3927.000000000211    0.04151583153405659 
  3928.000000000211    0.04267089585758685 
  3929.000000000211    0.04382776949377207 
 3930.0000000002115    0.04498645086459063 
  3931.000000000212    0.04616256736722752 
  3932.000000000212   0.047340547026275104 
  3933.000000000212   0.048505377208244764 
 3934.0000000002124    0.04967204619959176 
  3935.000000000213   0.050840555066291884 
  3936.000000000213   0.052025406237342676 
  3937.000000000213    0.05321270461219959 
 3938.0000000002133   0.054402473959256084 
 3939.0000000002137    0.05559473917079757 
 3940.0000000002137   0.056789526153503765 
 3941.0000000002137    0.05796665521381038 
  3942.000000000214     0.0591455453185568 
 3943.0000000002146    0.06032622328536729 
 3944.0000000002146   0.061508716466245554 
 3945.0000000002146    0.06269305263423348 
  3946.000000000215    0.06387920738403013 
 3947.0000000002156    0.06506718822028854 
 3948.0000000002156    0.06625702662157248 
 3949.0000000002156    0.06746397449228896 
  3950.000000000216    0.06867286089663524 
 3951.0000000002165     0.0698724625972596 
 3952.0000000002165    0.07107416651904667 
 3953.0000000002165    0.07227799360159566 
  3954.000000000217    0.07348396171019683 
 3955.0000000002174    0.07469208533341926 
 3956.0000000002174     0.0759025311625459 
 3957.0000000002174      0.077115256918454 
  3958.000000000218     0.0783302164571867 
 3959.0000000002183     0.0795473597532012 
 3960.0000000002183    0.08076663288303099 
 3961.0000000002183    0.08200495739634167 
 3962.0000000002187    0.08324578434131404 
  3963.000000000219     0.0844890485836989 
  3964.000000000219    0.08573468096882482 
  3965.000000000219    0.08699804991483027 
 3966.0000000002196    0.08823934127124719 
   3967.00000000022    0.08946688745300765 
   3968.00000000022    0.09069606146795466 
   3969.00000000022    0.09192679674569118 
 3970.0000000002206    0.09315902911341906 
  3971.000000000221    0.09440196670596729 
  3972.000000000221    0.09564652472274818 
  3973.000000000221    0.09689264877798628 
 3974.0000000002215     0.0981402883278337 
  3975.000000000222    0.09938939704083175 
  3976.000000000222    0.10063993317271361 
  3977.000000000222    0.10189197554966896 
 3978.0000000002224    0.10314553141162319 
  3979.000000000223    0.10440061751246187 
  3980.000000000223    0.10565726063062474 
  3981.000000000223    0.10692631549283056 
 3982.0000000002233    0.10819692394982844 
 3983.0000000002237    0.10945348036479519 
 3984.0000000002237    0.11071169823695118 
 3985.0000000002237    0.11197166202074657 
  3986.000000000224    0.11326465449849664 
 3987.0000000002246    0.11455995548533561 
 3988.0000000002246    0.11585758385116539 
 3989.0000000002246    0.11715756302263088 
  3990.000000000225    0.11845992118570456 
 3991.0000000002256    0.11973058652195297 
 3992.0000000002256     0.1210029951668428 
 3993.0000000002256    0.12227718982870206 
  3994.000000000226    0.12355321874100465 
 3995.0000000002265    0.12483113586412033 
 3996.0000000002265    0.12611100108462786 
 3997.0000000002265    0.12739266361072438 
  3998.000000000227    0.12867612482735266 
 3999.0000000002274    0.12997726023605072 
 4000.0000000002274     0.1312802204686924 
 4001.0000000002274    0.13256481697732758 
  4002.000000000228    0.13385113572442284 
 4003.0000000002283     0.1351391779672419 
 4004.0000000002283    0.13642894496396998 
 4005.0000000002283    0.13772043797332886 
 4006.0000000002287    0.13901365825437562 
  4007.000000000229    0.14030860706669707 
  4008.000000000229    0.14160528567061667 
  4009.000000000229     0.1429036953269959 
 4010.0000000002296     0.1442038372970338 
   4011.00000000023    0.14555116825453865 
   4012.00000000023    0.14690102916534917 
   4013.00000000023    0.14825342241780434 
 4014.0000000002306    0.14960835040106438 
  4015.000000000231    0.15098189451472652 
  4016.000000000231    0.15231651886977726 
  4017.000000000231      0.153636909575235 
 4018.0000000002315      0.154959147095101 
  4019.000000000232     0.1562832328846166 
  4020.000000000232    0.15760916840037983 
  4021.000000000232    0.15891304379902496 
 4022.0000000002324    0.16021837744991305 
  4023.000000000233    0.16152517011407522 
  4024.000000000233     0.1628334225526753 
  4025.000000000233    0.16414313552724702 
 4026.0000000002333    0.16545430979922443 
 4027.0000000002337    0.16676694613041593 
 4028.0000000002337    0.16808104528252504 
 4029.0000000002337    0.16939660801763354 
  4030.000000000234    0.17071363509772364 
 4031.0000000002346    0.17206802475850955 
 4032.0000000002346    0.17342420640243508 
 4033.0000000002346    0.17476591346416873 
  4034.000000000235    0.17610939234260067 
 4035.0000000002356    0.17745464434371847 
 4036.0000000002356    0.17880167077407538 
 4037.0000000002356     0.1801504729407891 
  4038.000000000236    0.18150105215206683 
 4039.0000000002365     0.1828534097159034 
 4040.0000000002365    0.18420754694165056 
 4041.0000000002365    0.18556836237788607 
  4042.000000000237     0.1869310326225486 
 4043.0000000002374    0.18829555914542775 
 4044.0000000002374    0.18966194341759185 
 4045.0000000002374      0.191030186910867 
  4046.000000000238     0.1924522771257369 
 4047.0000000002383    0.19387694262501662 
 4048.0000000002383    0.19530418581383402 
 4049.0000000002383     0.1967504818466119 
 4050.0000000002387    0.19819939316117344 
  4051.000000000239    0.19956273883877534 
  4052.000000000239     0.2009277111163993 
  4053.000000000239    0.20229431104108794 
 4054.0000000002397    0.20366253965968895 
   4055.00000000024    0.20503239802030845 
   4056.00000000024     0.2064038871708582 
   4057.00000000024    0.20777700815993153 
 4058.0000000002406    0.20915176203591085 
  4059.000000000241    0.21052814984876334 
  4060.000000000241    0.21190617264734385 
  4061.000000000241     0.2132948346780287 
 4062.0000000002415    0.21468524900952163 
  4063.000000000242    0.21607741687267965 
  4064.000000000242     0.2174713394997924 
  4065.000000000242      0.218883668333296 
 4066.0000000002424     0.2202977768872812 
  4067.000000000243     0.2216969937034304 
  4068.000000000243    0.22309797022664318 
  4069.000000000243    0.22450070769111474 
 4070.0000000002433    0.22590520733154118 
 4071.0000000002437    0.22731131903858265 
 4072.0000000002437    0.22871919593102627 
 4073.0000000002437     0.2301288392856055 
  4074.000000000244     0.2315402503783273 
 4075.0000000002447     0.2329534304870949 
 4076.0000000002447    0.23436838089007536 
 4077.0000000002447    0.23578510286535143 
  4078.000000000245    0.23720359769259536 
 4079.0000000002456     0.2386238666510561 
 4080.0000000002456     0.2400459110215858 
 4081.0000000002456     0.2414759130508268 
  4082.000000000246    0.24290758883764557 
 4083.0000000002465    0.24432408835020378 
 4084.0000000002465     0.2457422425775538 
 4085.0000000002465    0.24716205257444168 
  4086.000000000247    0.24858351939459353 
 4087.0000000002474     0.2500066440938803 
 4088.0000000002474    0.25143142772714394 
 4089.0000000002474     0.2528578713506794 
  4090.000000000248     0.2542859760200914 
 4091.0000000002483     0.2557125375068337 
 4092.0000000002483    0.25714072818022987 
 4093.0000000002483     0.2585705490653623 
 4094.0000000002487      0.260002001189163 
  4095.000000000249     0.2614350855771099 
  4096.000000000249    0.26286980325691217 
  4097.000000000249    0.26430615525518153 
  4098.000000000249    0.26574414259928236 
   4099.00000000025     0.2672007854760158 
   4100.00000000025     0.2686590866530453 
   4101.00000000025    0.27012069361740454 
  4102.000000000251     0.2715841397528276 
  4103.000000000251    0.27304942642652963 
  4104.000000000251     0.2745165550071684 
  4105.000000000251    0.27598552686253613 
  4106.000000000251    0.27753001737885474 
  4107.000000000252    0.27907709666971653 
  4108.000000000252     0.2806267669856068 
  4109.000000000252    0.28217903057820687 
  4110.000000000253     0.2837338896999633 
  4111.000000000253    0.28517375681264695 
  4112.000000000253     0.2866150492555484 
  4113.000000000253     0.2880577677127673 
  4114.000000000253     0.2895019128681336 
  4115.000000000254    0.29096470021491255 
  4116.000000000254    0.29242893399461223 
  4117.000000000254     0.2938773817226464 
  4118.000000000255     0.2953272588922673 
  4119.000000000255     0.2967785661883664 
  4120.000000000255     0.2982313042959747 
  4121.000000000255     0.2997058840775427 
  4122.000000000255     0.3011820949416514 
  4123.000000000256    0.30217576497690496 
  4124.000000000256     0.3031704863937731 
  4125.000000000256      0.303993133141378 
 4126.0000000002565    0.30481662461089376 
 4127.0000000002565     0.3056582947631905 
 4128.0000000002565    0.30650083144144696 
 4129.0000000002565     0.3073442351580636 
 4130.0000000002565    0.30818850642346496 
  4131.000000000257    0.30903619531278936 
  4132.000000000257     0.3098848408563748 
  4133.000000000257    0.31075184305239795 
  4134.000000000258     0.3116198263713588 
  4135.000000000258     0.3124713690761508 
  4136.000000000258     0.3133238711668337 
  4137.000000000258     0.3141947788975412 
  4138.000000000258     0.3150666705317394 
  4139.000000000259     0.3159220780332299 
  4140.000000000259    0.31677844765714663 
  4141.000000000259     0.3176212256223044 
   4142.00000000026    0.31846481719272796 
   4143.00000000026    0.31929171297043285 
   4144.00000000026     0.3201194035319321 
   4145.00000000026     0.3209654188114168 
   4146.00000000026    0.32181224941214925 
  4147.000000000261    0.32265989576502396 
  4148.000000000261     0.3235083583014994 
  4149.000000000261     0.3243400685203641 
  4150.000000000262     0.3251725760584588 
  4151.000000000262    0.32602133281482093 
  4152.000000000262      0.326870898309858 
  4153.000000000262     0.3277036649111642 
  4154.000000000262    0.32853722158807264 
  4155.000000000263    0.32938919635339764 
  4156.000000000263    0.33024198157554563 
  4157.000000000263     0.3309191063190831 
  4158.000000000264     0.3315968468334836 
  4159.000000000264     0.3317805359755066 
  4160.000000000264    0.33196429358762525 
  4161.000000000264    0.33217292873005555 
  4162.000000000264    0.33238166108397377 
  4163.000000000265     0.3325904906834527 
  4164.000000000265    0.33279941756164827 
  4165.000000000265     0.3330084417531133 
  4166.000000000266     0.3332175632914836 
  4167.000000000266      0.333426782210404 
  4168.000000000266    0.33363609854445386 
  4169.000000000266     0.3338455123268319 
  4170.000000000266    0.33405502359212363 
 4171.0000000002665     0.3342204239102719 
 4172.0000000002665    0.33438587322985996 
 4173.0000000002665     0.3345513715577666 
  4174.000000000267    0.33471691890040545 
  4175.000000000267    0.33488251526511864 
  4176.000000000267     0.3350481606583191 
  4177.000000000267     0.3352138550864193 
  4178.000000000267     0.3353795985558304 
  4179.000000000268    0.33554539107389314 
  4180.000000000268    0.33571123264702474 
  4181.000000000268      0.335902763943093 
  4182.000000000269     0.3360943718809471 
  4183.000000000269     0.3362860564831787 
  4184.000000000269    0.33647781777005703 
  4185.000000000269    0.33666965576418123 
  4186.000000000269     0.3368615704862937 
   4187.00000000027    0.33705356195760555 
   4188.00000000027     0.3372456302007298 
   4189.00000000027    0.33743777523595353 
  4190.000000000271    0.33762999708543173 
  4191.000000000271     0.3378219415863808 
  4192.000000000271     0.3380139624219947 
  4193.000000000271    0.33820605961354894 
  4194.000000000271    0.33839823318138823 
  4195.000000000272    0.33859048314726226 
  4196.000000000272    0.33878280953245776 
  4197.000000000272     0.3389752123568639 
  4198.000000000273     0.3391676916427087 
  4199.000000000273     0.3393602474108231 
  4200.000000000273    0.33955287968250514 
  4201.000000000273    0.33973105374205315 
  4202.000000000273    0.33990928946209314 
  4203.000000000274     0.3400875868559297 
  4204.000000000274     0.3402659459373372 
  4205.000000000274      0.340444366719623 
  4206.000000000275     0.3406228492160958 
  4207.000000000275     0.3408013934414717 
  4208.000000000275    0.34097999940812523 
  4209.000000000275     0.3411586671303071 
  4210.000000000275    0.34133739662133317 
  4211.000000000276     0.3415200100647755 
  4212.000000000276     0.3417026899779983 
  4213.000000000276      0.341885436378311 
 4214.0000000002765    0.34206824928114843 
 4215.0000000002765    0.34225112870429486 
 4216.0000000002765     0.3424340746641295 
 4217.0000000002765      0.342617087176564 
 4218.0000000002765    0.34280016625939175 
  4219.000000000277    0.34298331192852993 
  4220.000000000277     0.3431665242008357 
  4221.000000000277    0.34334211157549677 
  4222.000000000278     0.3435177571369008 
  4223.000000000278    0.34369346089656344 
  4224.000000000278     0.3438692228655305 
  4225.000000000278    0.34404504305673067 
  4226.000000000278     0.3442209214812117 
  4227.000000000279     0.3443968581514346 
  4228.000000000279     0.3445728530784477 
  4229.000000000279    0.34474890627424315 
   4230.00000000028     0.3449250177507909 
   4231.00000000028    0.34502032161935386 
   4232.00000000028     0.3451156432408764 
   4233.00000000028    0.34521098261762445 
   4234.00000000028     0.3453063397528084 
  4235.000000000281     0.3454017146491919 
  4236.000000000281     0.3455858100333271 
  4237.000000000281    0.34576997217571703 
  4238.000000000282     0.3459542010931658 
  4239.000000000282     0.3461384968020076 
  4240.000000000282    0.34632285931904727 
  4241.000000000282    0.34649203124672734 
  4242.000000000282     0.3466612557367528 
  4243.000000000283     0.3468305328002118 
  4244.000000000283     0.3469998624477205 
  4245.000000000283    0.34716924468895066 
  4246.000000000284     0.3473386795349943 
  4247.000000000284     0.3475081669964713 
  4248.000000000284     0.3476777070830566 
  4249.000000000284     0.3478472998053721 
  4250.000000000284    0.34801694517403897 
  4251.000000000285     0.3481781888412872 
  4252.000000000285    0.34833947710834223 
  4253.000000000285     0.3485008099820728 
  4254.000000000286     0.3486621874688731 
  4255.000000000286     0.3488236095756117 
  4256.000000000286    0.34898507630868336 
  4257.000000000286    0.34914658767543094 
  4258.000000000286     0.3493081436817743 
 4259.0000000002865     0.3494697443350569 
 4260.0000000002865     0.3496313896412055 
 4261.0000000002865    0.34981710732008703 
  4262.000000000287     0.3500028927836944 
  4263.000000000287     0.3501887460505168 
  4264.000000000287      0.350374667137147 
  4265.000000000287    0.35056065606065556 
  4266.000000000287     0.3507467128390655 
  4267.000000000288     0.3509328374894533 
  4268.000000000288    0.35111903002937367 
  4269.000000000288    0.35130529047590797 
  4270.000000000289    0.35149161884660673 
  4271.000000000289    0.35164285607194484 
  4272.000000000289     0.3517941283587549 
  4273.000000000289    0.35194543571031955 
  4274.000000000289    0.35209677812944434 
   4275.00000000029    0.35224815561938494 
   4276.00000000029      0.352310035772466 
   4277.00000000029     0.3523719195496938 
  4278.000000000291    0.35243380695078097 
  4279.000000000291     0.3524956979768691 
  4280.000000000291     0.3525575926277296 
  4281.000000000291    0.35281846485007246 
  4282.000000000291     0.3530794324807329 
  4283.000000000292     0.3533404955407245 
  4284.000000000292     0.3536016540515389 
  4285.000000000292    0.35386290803369086 
  4286.000000000293    0.35403453765547016 
  4287.000000000293     0.3542062212589261 
  4288.000000000293     0.3543779588548195 
  4289.000000000293    0.35454975045534426 
  4290.000000000293    0.35472159607126524 
  4291.000000000294     0.3548965276350374 
  4292.000000000294    0.35507151624001615 
  4293.000000000294    0.35524656189887815 
  4294.000000000295     0.3554216646252582 
  4295.000000000295     0.3555968244318103 
  4296.000000000295     0.3556821090660606 
  4297.000000000295     0.3557674076720683 
  4298.000000000295     0.3558527202516144 
  4299.000000000296     0.3559380468079158 
  4300.000000000296    0.35602338734230105 
  4301.000000000296    0.35619176340661324 
 4302.0000000002965    0.35636018955228155 
 4303.0000000002965    0.35652866578799997 
 4304.0000000002965     0.3566971921234208 
 4305.0000000002965     0.3568657685686765 
 4306.0000000002965    0.35703439513246366 
  4307.000000000297     0.3572030718244378 
  4308.000000000297     0.3573717986542549 
  4309.000000000297    0.35754057563157254 
  4310.000000000298     0.3577094027655719 
  4311.000000000298    0.35788551075159714 
  4312.000000000298     0.3580616767915061 
  4313.000000000298    0.35823790089835367 
  4314.000000000298     0.3584141830866367 
  4315.000000000299     0.3585905233698949 
  4316.000000000299    0.35876692176214975 
  4317.000000000299    0.35894337827694567 
    4318.0000000003    0.35911989292830837 
    4319.0000000003     0.3592964657297865 
    4320.0000000003     0.3594730966958881 
    4321.0000000003    0.35963794127122584 
    4322.0000000003     0.3598028325350613 
  4323.000000000301     0.3599677704955446 
  4324.000000000301     0.3601327551608266 
  4325.000000000301     0.3602977865399938 
  4326.000000000302    0.36037231883223747 
  4327.000000000302     0.3604468603968683 
  4328.000000000302     0.3605214112352581 
  4329.000000000302    0.36059597134878046 
  4330.000000000302    0.36067054073931665 
  4331.000000000303    0.36083220447820186 
  4332.000000000303     0.3609939118574607 
  4333.000000000303    0.36115566288304773 
  4334.000000000304     0.3613174575628451 
  4335.000000000304     0.3614792959037717 
  4336.000000000304    0.36164162333656313 
  4337.000000000304    0.36180428131674364 
  4338.000000000304     0.3619671219948967 
  4339.000000000305     0.3621300082434213 
  4340.000000000305     0.3622928136764529 
  4341.000000000305    0.36232950686641185 
  4342.000000000306    0.36236585343316013 
  4343.000000000306     0.3624017598246539 
  4344.000000000306    0.36243714344682015 
  4345.000000000306     0.3624719326721792 
  4346.000000000306    0.36259692049357894 
 4347.0000000003065     0.3627212203374938 
 4348.0000000003065    0.36284479294798655 
 4349.0000000003065    0.36296761003073497 
  4350.000000000307     0.3630896542713742 
  4351.000000000307    0.36325785333846566 
  4352.000000000307     0.3634253146869874 
  4353.000000000307     0.3635920537704497 
  4354.000000000307     0.3637580971105429 
  4355.000000000308    0.36392348232343635 
  4356.000000000308     0.3640885571206114 
  4357.000000000308     0.3642532749701093 
  4358.000000000309     0.3644176076818888 
  4359.000000000309     0.3645815454514763 
  4360.000000000309    0.36474509690146567 
  4361.000000000309     0.3648955750557639 
  4362.000000000309    0.36504572940417623 
   4363.00000000031     0.3651956241317014 
   4364.00000000031    0.36534534200930285 
   4365.00000000031       0.36549498442907 
  4366.000000000311     0.3656443711597006 
  4367.000000000311    0.36579312521804713 
  4368.000000000311    0.36594131979203404 
  4369.000000000311     0.3660890281958032 
  4370.000000000311     0.3662363238682615 
  4371.000000000312      0.366383573911155 
  4372.000000000312    0.36653055816327307 
  4373.000000000312     0.3666773504346378 
  4374.000000000313     0.3668240246585887 
  4375.000000000313    0.36697065489263436 
  4376.000000000313    0.36711731531744335 
  4377.000000000313     0.3672640802378478 
  4378.000000000313     0.3674110240824672 
  4379.000000000314      0.367558221403409 
  4380.000000000314    0.36770574687795204 
  4381.000000000314     0.3677587118545414 
  4382.000000000315     0.3678121258059938 
  4383.000000000315     0.3678660633765205 
  4384.000000000315     0.3679205992611431 
  4385.000000000315      0.367975808204357 
  4386.000000000315     0.3681227478618604 
  4387.000000000316    0.36826982830034444 
  4388.000000000316      0.368417152154427 
  4389.000000000316     0.3685648035842647 
 4390.0000000003165     0.3687128482367976 
 4391.0000000003165     0.3687697338585475 
 4392.0000000003165    0.36882706025201734 
 4393.0000000003165     0.3688848369617119 
 4394.0000000003165    0.36894305487553214 
  4395.000000000317     0.3690016862092482 
  4396.000000000317     0.3691522628242522 
  4397.000000000317     0.3693035898873496 
  4398.000000000318    0.36945570754925305 
  4399.000000000318    0.36960864481193795 
  4400.000000000318     0.3697624195036418 
  4401.000000000318     0.3698892882508433 
  4402.000000000318     0.3700169755047643 
  4403.000000000319    0.37014546525201103 
  4404.000000000319     0.3702747302208662 
  4405.000000000319      0.370404731859751 
   4406.00000000032    0.37053542031595943 
   4407.00000000032    0.37066673441906656 
   4408.00000000032    0.37079860165639744 
   4409.00000000032     0.3709309381537384 
   4410.00000000032    0.37106364865502567 
  4411.000000000321    0.37122812276862877 
  4412.000000000321    0.37139277053527525 
  4413.000000000321    0.37155746243438526 
  4414.000000000322    0.37172205743266695 
  4415.000000000322     0.3718864029587032 
  4416.000000000322    0.37205033487941347 
  4417.000000000322     0.3722143113020772 
  4418.000000000322    0.37237833223549816 
  4419.000000000323     0.3725423976870201 
  4420.000000000323    0.37270650766495145 
  4421.000000000323    0.37284240677186553 
  4422.000000000324    0.37297832874859854 
  4423.000000000324     0.3731142735970764 
  4424.000000000324     0.3732502413192249 
  4425.000000000324    0.37338623191694015 
  4426.000000000324     0.3734302674932226 
  4427.000000000325      0.373474304255674 
  4428.000000000325     0.3735183422046901 
  4429.000000000325    0.37356238134115577 
  4430.000000000326    0.37360642166598734 
  4431.000000000326     0.3737469728444682 
  4432.000000000326    0.37388755049724404 
  4433.000000000326     0.3740281546264245 
  4434.000000000326    0.37416878523558506 
 4435.0000000003265     0.3743094423278125 
 4436.0000000003265     0.3744501259057057 
 4437.0000000003265    0.37459083597186293 
  4438.000000000327     0.3747315725298605 
  4439.000000000327     0.3748723355818082 
  4440.000000000327    0.37501312513124996 
  4441.000000000327    0.37505412762658524 
  4442.000000000327    0.37509513065986044 
  4443.000000000328    0.37513613423196285 
  4444.000000000328     0.3751771383442691 
  4445.000000000328    0.37521814299766704 
  4446.000000000329    0.37525914819255624 
  4447.000000000329     0.3753001539298256 
  4448.000000000329    0.37534116021085373 
  4449.000000000329      0.375382167035552 
  4450.000000000329    0.37542317440582823 
   4451.00000000033    0.37558006168672303 
   4452.00000000033    0.37573698766782654 
   4453.00000000033    0.37589395235585565 
  4454.000000000331     0.3760509557570392 
  4455.000000000331     0.3762079978780961 
  4456.000000000331     0.3763650787257462 
  4457.000000000331     0.3765221983062201 
  4458.000000000331     0.3766793566262388 
  4459.000000000332     0.3768365536920346 
  4460.000000000332    0.37699378951083995 
  4461.000000000332    0.37721022147102173 
  4462.000000000333      0.377426682908326 
  4463.000000000333    0.37764317382015333 
  4464.000000000333    0.37785969420586485 
  4465.000000000333     0.3780762440637779 
  4466.000000000333    0.37810792953952826 
  4467.000000000334     0.3781396134980609 
  4468.000000000334    0.37817129593973087 
  4469.000000000334     0.3782029768653849 
  4470.000000000335    0.37823465627639713 
  4471.000000000335     0.3783802415076239 
  4472.000000000335     0.3785258567685921 
  4473.000000000335    0.37867150206365074 
  4474.000000000335    0.37881717739616755 
  4475.000000000336    0.37896288277095164 
  4476.000000000336     0.3790160623770213 
  4477.000000000336    0.37906924605911285 
 4478.0000000003365     0.3791224338174959 
 4479.0000000003365    0.37917562565391283 
 4480.0000000003365    0.37922882156915594 
 4481.0000000003365    0.37937383412115205 
 4482.0000000003365    0.37951887566762726 
  4483.000000000337     0.3796639462132699 
  4484.000000000337     0.3798090457612946 
  4485.000000000337     0.3799541743149165 
  4486.000000000338     0.3800998003010101 
  4487.000000000338      0.380245756902999 
  4488.000000000338    0.38039188859454454 
  4489.000000000338    0.38053805116238826 
  4490.000000000338     0.3806841117252157 
  4491.000000000339     0.3808105335592434 
  4492.000000000339    0.38093660846445687 
  4493.000000000339     0.3810622377644916 
   4494.00000000034    0.38118733422361817 
   4495.00000000034    0.38131182206949804 
   4496.00000000034    0.38143563700900907 
   4497.00000000034     0.3815587262503818 
   4498.00000000034     0.3816810485237043 
  4499.000000000341     0.3818025740968349 
  4500.000000000341    0.38192328479746734 
  4501.000000000341     0.3819581303929315 
  4502.000000000342     0.3819921474460669 
  4503.000000000342     0.3820253531155479 
  4504.000000000342     0.3820577761684725 
  4505.000000000342     0.3820894569834606 
  4506.000000000342     0.3822134649562897 
  4507.000000000343    0.38233696214495094 
  4508.000000000343     0.3824599712451442 
  4509.000000000343     0.3825825304694357 
  4510.000000000344    0.38270469357308684 
  4511.000000000344     0.3828188951923555 
  4512.000000000344     0.3829328508881091 
  4513.000000000344     0.3830466612034006 
  4514.000000000344    0.38316044231597335 
  4515.000000000345     0.3832743260594171 
  4516.000000000345    0.38329553981949094 
  4517.000000000345     0.3833165036207826 
  4518.000000000346    0.38333720383517567 
  4519.000000000346     0.3833576307111923 
  4520.000000000346    0.38337777837515224 
  4521.000000000346    0.38348475768340495 
  4522.000000000346     0.3835914622947809 
 4523.0000000003465     0.3836978977912821 
 4524.0000000003465    0.38380407364722685 
 4525.0000000003465     0.3839100032347433 
  4526.000000000347     0.3840155460325681 
  4527.000000000347      0.384120779460644 
  4528.000000000347    0.38422578102812505 
  4529.000000000347     0.3843306283345873 
  4530.000000000347    0.38443539906735746 
  4531.000000000348     0.3844777795146315 
  4532.000000000348     0.3845202384040815 
  4533.000000000348     0.3845628536185087 
  4534.000000000349    0.38460570307996467 
  4535.000000000349    0.38464886474800714 
  4536.000000000349     0.3847849754615862 
  4537.000000000349     0.3849210516839013 
  4538.000000000349    0.38505726485337477 
   4539.00000000035    0.38519377106396074 
   4540.00000000035     0.3853307110367429 
   4541.00000000035     0.3854382760548596 
  4542.000000000351    0.38554649173218003 
  4543.000000000351     0.3856554523322412 
  4544.000000000351     0.3857652366098099 
  4545.000000000351    0.38587590779118913 
  4546.000000000351    0.38598751354971145 
  4547.000000000352    0.38610008598156903 
  4548.000000000352     0.3862136415867265 
  4549.000000000352     0.3863281812434963 
  4550.000000000353     0.3864436901865445 
  4551.000000000353     0.3864714420611432 
  4552.000000000353     0.3865000756336834 
  4553.000000000353     0.3865295284973129 
  4554.000000000353    0.38655972257663745 
  4555.000000000354    0.38659056411754483 
  4556.000000000354     0.3867151055971813 
  4557.000000000354      0.386840295009733 
  4558.000000000355    0.38696605658051936 
  4559.000000000355     0.3870923026794053 
  4560.000000000355     0.3872189338033222 
  4561.000000000355     0.3872612229209504 
  4562.000000000355    0.38730364741968104 
  4563.000000000356     0.3873460720559376 
  4564.000000000356    0.38738834976288994 
  4565.000000000356    0.38743032164280944 
 4566.0000000003565    0.38756507130847134 
 4567.0000000003565    0.38769984206507185 
 4568.0000000003565     0.3878346339139923 
 4569.0000000003565     0.3879694468566144 
 4570.0000000003565    0.38810428089480264 
  4571.000000000357     0.3882089116984792 
  4572.000000000357     0.3883135450517857 
  4573.000000000357    0.38841818095348296 
  4574.000000000358    0.38852281940233135 
  4575.000000000358     0.3886274603980467 
  4576.000000000358     0.3886387933044081 
  4577.000000000358    0.38865012331525817 
  4578.000000000358    0.38866145043093436 
  4579.000000000359     0.3886727746532557 
  4580.000000000359     0.3886840959830682 
  4581.000000000359     0.3887339794921756 
   4582.00000000036    0.38878386572985096 
   4583.00000000036    0.38883375469666026 
   4584.00000000036    0.38888364639366474 
   4585.00000000036    0.38893354082146403 
   4586.00000000036     0.3890771512242951 
  4587.000000000361    0.38922099425771783 
  4588.000000000361     0.3893649637164263 
  4589.000000000361     0.3895089611252346 
  4590.000000000362    0.38965289575247786 
  4591.000000000362     0.3897459444006861 
  4592.000000000362    0.38983874125690693 
  4593.000000000362    0.38993121903048267 
  4594.000000000362     0.3900233182643549 
  4595.000000000363     0.3901149873461519 
  4596.000000000363     0.3901129026621817 
  4597.000000000363    0.39011041255016793 
  4598.000000000364    0.39010743606015325 
  4599.000000000364    0.39010390409149803 
  4600.000000000364     0.3900997593948822 
  4601.000000000364    0.39022702705444745 
  4602.000000000364     0.3903536220979871 
  4603.000000000365    0.39047952211030595 
  4604.000000000365       0.39060471651316 
  4605.000000000365     0.3907292065862883 
  4606.000000000366      0.390759682977279 
  4607.000000000366    0.39078958236728384 
  4608.000000000366     0.3908188887883189 
  4609.000000000366      0.390847602100291 
  4610.000000000366    0.39087573799310843 
 4611.0000000003665    0.39098772175262153 
 4612.0000000003665    0.39109921479843157 
 4613.0000000003665      0.391210280071373 
  4614.000000000367     0.3913209964357134 
  4615.000000000367    0.39143145870321866 
  4616.000000000367    0.39144808070324383 
  4617.000000000367    0.39146412990721363 
  4618.000000000367      0.391479671629038 
  4619.000000000368     0.3914947751579777 
  4620.000000000368     0.3915095137637047 
  4621.000000000368     0.3915960261407594 
  4622.000000000369     0.3916823279241472 
  4623.000000000369     0.3917685042541078 
  4624.000000000369     0.3918546443181138 
  4625.000000000369    0.39194084135484203 
  4626.000000000369     0.3920273538426552 
   4627.00000000037     0.3921140029635969 
   4628.00000000037     0.3922007749181531 
   4629.00000000037     0.3922876598675396 
  4630.000000000371    0.39237465193866516 
  4631.000000000371     0.3924151385444347 
  4632.000000000371    0.39245573942766254 
  4633.000000000371     0.3924964605965721 
  4634.000000000371     0.3925373120401277 
  4635.000000000372     0.3925783077254828 
  4636.000000000372     0.3927124119468268 
  4637.000000000372     0.3928460809440858 
  4638.000000000373     0.3929794893504817 
  4639.000000000373    0.39311279612096256 
  4640.000000000373     0.3932461445016447 
  4641.000000000373     0.3932311387156428 
  4642.000000000373     0.3932163917811867 
  4643.000000000374    0.39320199925237603 
  4644.000000000374     0.3931880407459309 
  4645.000000000374     0.3931745799428744 
  4646.000000000375     0.3932552745116908 
  4647.000000000375      0.393336764009152 
  4648.000000000375    0.39341913065212175 
  4649.000000000375    0.39350244477646956 
  4650.000000000375    0.39358676482404154 
  4651.000000000376    0.39368888863968154 
  4652.000000000376     0.3937921076976387 
  4653.000000000376     0.3938964448270256 
 4654.0000000003765    0.39400191091429315 
 4655.0000000003765      0.394108504887102 
 4656.0000000003765    0.39421621369732873 
 4657.0000000003765    0.39432478820085975 
 4658.0000000003765    0.39443412522992766 
  4659.000000000377    0.39454410551929414 
  4660.000000000377    0.39465459368076833 
  4661.000000000377    0.39477806856888936 
  4662.000000000378    0.39490173900676795 
  4663.000000000378     0.3950254210998392 
  4664.000000000378     0.3951489147143585 
  4665.000000000378     0.3952720034521913 
  4666.000000000378     0.3953007814544853 
  4667.000000000379     0.3953295582846378 
  4668.000000000379     0.3953583339432206 
  4669.000000000379    0.39538710843130176 
   4670.00000000038    0.39541588174948117 
   4671.00000000038     0.3955169822117358 
   4672.00000000038     0.3956180835564825 
   4673.00000000038      0.395719185783713 
   4674.00000000038     0.3958202888919325 
  4675.000000000381    0.39592139288109685 
  4676.000000000381    0.39592878679429344 
  4677.000000000381    0.39593617808841475 
  4678.000000000382     0.3959435667643969 
  4679.000000000382    0.39595095282317744 
  4680.000000000382     0.3959583362657343 
  4681.000000000382    0.39607290093121583 
  4682.000000000382    0.39618747376692964 
  4683.000000000383    0.39630205477228975 
  4684.000000000383     0.3964166439472058 
  4685.000000000383    0.39653124129105605 
  4686.000000000384    0.39655209926322393 
  4687.000000000384    0.39657295554289057 
  4688.000000000384    0.39659381013125083 
  4689.000000000384    0.39661466302900455 
  4690.000000000384     0.3966355142373798 
  4691.000000000385     0.3967416669791909 
  4692.000000000385     0.3968478230230314 
  4693.000000000385     0.3969539823678234 
  4694.000000000386    0.39706014501298564 
  4695.000000000386    0.39716631095790006 
  4696.000000000386    0.39717869538625156 
  4697.000000000386     0.3971910772652663 
  4698.000000000386     0.3972034565962622 
 4699.0000000003865     0.3972158333800612 
 4700.0000000003865    0.39722820761801125 
 4701.0000000003865     0.3973166089118399 
  4702.000000000387     0.3974050048381789 
  4703.000000000387    0.39749339539562084 
  4704.000000000387     0.3975817805842464 
  4705.000000000387    0.39767016040314473 
  4706.000000000387    0.39775853485190066 
  4707.000000000388     0.3978469039296029 
  4708.000000000388    0.39793526763583703 
  4709.000000000388     0.3980236259701878 
  4710.000000000389     0.3981119789317137 
  4711.000000000389      0.398119978623422 
  4712.000000000389    0.39812797584718906 
  4713.000000000389     0.3981359706039366 
  4714.000000000389    0.39814396289458676 
   4715.00000000039    0.39815195272108955 
   4716.00000000039     0.3982537351228167 
   4717.00000000039    0.39835551882440695 
  4718.000000000391    0.39845730382443556 
  4719.000000000391     0.3985590901234613 
  4720.000000000391    0.39866087772003067 
  4721.000000000391     0.3986898955759872 
  4722.000000000391    0.39871891261656234 
  4723.000000000392     0.3987479288418816 
  4724.000000000392     0.3987769442535593 
  4725.000000000392    0.39880595885225456 
  4726.000000000393     0.3989288161607878 
  4727.000000000393    0.39905168631160437 
  4728.000000000393     0.3991745693041387 
  4729.000000000393    0.39929746513881714 
  4730.000000000393    0.39942037381601686 
  4731.000000000394     0.3994189687855831 
  4732.000000000394     0.3994175607640066 
  4733.000000000394    0.39941614975288703 
  4734.000000000395    0.39941473575332725 
  4735.000000000395     0.3994133187659716 
  4736.000000000395    0.39950576762915885 
  4737.000000000395     0.3995982128389364 
  4738.000000000395     0.3996906543946712 
  4739.000000000396     0.3997830922952343 
  4740.000000000396     0.3998755265394697 
  4741.000000000396    0.39990066305074307 
 4742.0000000003965    0.39992579835563524 
 4743.0000000003965    0.39995093245430374 
 4744.0000000003965     0.3999760653483949 
 4745.0000000003965      0.400001197038067 
 4746.0000000003965     0.4000263275239737 
  4747.000000000397     0.4000514568077629 
  4748.000000000397    0.40007658489008896 
  4749.000000000397     0.4001017117716072 
  4750.000000000398     0.4001268374529963 
  4751.000000000398     0.4002112092267311 
  4752.000000000398     0.4002955740914902 
  4753.000000000398     0.4003799320471565 
  4754.000000000398    0.40046428309262116 
  4755.000000000399     0.4005486272282263 
  4756.000000000399     0.4005390514284329 
  4757.000000000399     0.4005294732099036 
    4758.0000000004     0.4005198925738715 
    4759.0000000004    0.40051030952157013 
    4760.0000000004     0.4005007240542751 
    4761.0000000004     0.4005978811745026 
    4762.0000000004    0.40069503676618035 
  4763.000000000401     0.4007921908289863 
  4764.000000000401    0.40088934336160575 
  4765.000000000401     0.4009864943631826 
  4766.000000000402    0.40098973522942444 
  4767.000000000402     0.4009929730457626 
  4768.000000000402     0.4009962078141705 
  4769.000000000402    0.40099943953463657 
  4770.000000000402    0.40100266820913616 
  4771.000000000403    0.40101063870643766 
  4772.000000000403    0.40101860670781475 
  4773.000000000403    0.40102657221369015 
  4774.000000000404     0.4010345352254789 
  4775.000000000404     0.4010424957441381 
  4776.000000000404     0.4011443765941297 
  4777.000000000404    0.40124625867870906 
  4778.000000000404    0.40134814199837304 
  4779.000000000405     0.4014500265516334 
  4780.000000000405    0.40155191233845083 
  4781.000000000405     0.4015547801845815 
  4782.000000000406    0.40155764521264486 
  4783.000000000406     0.4015605074226426 
  4784.000000000406      0.401563366816562 
  4785.000000000406     0.4015662233953978 
  4786.000000000406     0.4015690771601445 
 4787.0000000004065    0.40157192811179654 
 4788.0000000004065    0.40157477625234156 
 4789.0000000004065    0.40157762158178123 
  4790.000000000407     0.4015804641021031 
  4791.000000000407     0.4015837533757149 
  4792.000000000407    0.40158704003503737 
  4793.000000000407     0.4015903240810604 
  4794.000000000407     0.4015936055152703 
  4795.000000000408    0.40159688433865753 
  4796.000000000408    0.40160016055171593 
  4797.000000000408    0.40160343415692423 
  4798.000000000409     0.4016067051542803 
  4799.000000000409    0.40160997354576666 
  4800.000000000409    0.40161323933141785 
  4801.000000000409    0.40170627058767916 
  4802.000000000409    0.40179929867522207 
   4803.00000000041    0.40189232359351934 
   4804.00000000041     0.4019853453415484 
   4805.00000000041     0.4020783639192401 
  4806.000000000411    0.40207743599946083 
  4807.000000000411     0.4020765053425481 
  4808.000000000411     0.4020755719495829 
  4809.000000000411    0.40207463582214165 
  4810.000000000411     0.4020736969608625 
  4811.000000000412    0.40220227310403295 
  4812.000000000412    0.40233086400915286 
  4813.000000000412     0.4024594696763278 
  4814.000000000413    0.40258809010516744 
  4815.000000000413     0.4027167252947452 
  4816.000000000413    0.40275138425654483 
  4817.000000000413    0.40278604180172284 
  4818.000000000413     0.4028206979310728 
  4819.000000000414    0.40285535264489164 
  4820.000000000414     0.4028900059429954 
  4821.000000000414    0.40296127170067647 
  4822.000000000415    0.40303252520295674 
  4823.000000000415     0.4031037664504426 
  4824.000000000415    0.40317499544324403 
  4825.000000000415     0.4032462121819285 
  4826.000000000415    0.40322342519268556 
  4827.000000000416     0.4032006365740706 
  4828.000000000416    0.40317784632802967 
  4829.000000000416      0.403155054456013 
  4830.000000000417     0.4031322609595179 
  4831.000000000417    0.40322484677139625 
  4832.000000000417     0.4033174292780838 
  4833.000000000417     0.4034100084785901 
  4834.000000000417    0.40350258437291653 
 4835.0000000004175      0.403595156960073 
 4836.0000000004175     0.4036882242795518 
 4837.0000000004175     0.4037816087627804 
  4838.000000000418    0.40387514494900634 
  4839.000000000418    0.40396867950028287 
  4840.000000000418     0.4040620712158893 
  4841.000000000418    0.40407062910644814 
  4842.000000000418    0.40407879879729947 
  4843.000000000419     0.4040864758938601 
  4844.000000000419    0.40409356827437143 
  4845.000000000419     0.4040999960909381 
   4846.00000000042     0.4041996698398559 
   4847.00000000042     0.4042985584427006 
   4848.00000000042       0.40439661830654 
   4849.00000000042     0.4044938180900879 
   4850.00000000042    0.40459013872165617 
  4851.000000000421     0.4045511982049511 
  4852.000000000421    0.40451137993420566 
  4853.000000000421     0.4044707025915734 
  4854.000000000422     0.4044291971450475 
  4855.000000000422     0.4043869068442955 
  4856.000000000422     0.4044379778145079 
  4857.000000000422     0.4044884739517383 
  4858.000000000422    0.40453841961546655 
  4859.000000000423    0.40458785557435056 
  4860.000000000423    0.40463683901680153 
  4861.000000000423     0.4047354686161176 
  4862.000000000424    0.40483382794998685 
  4863.000000000424    0.40493202346289486 
  4864.000000000424     0.4050301781212182 
  4865.000000000424    0.40512843143370264 
  4866.000000000424    0.40513288334623465 
  4867.000000000425     0.4051369623841071 
  4868.000000000425    0.40514070957291676 
  4869.000000000425    0.40514416594160524 
  4870.000000000426     0.4051473725244701 
  4871.000000000426     0.4052252235364817 
  4872.000000000426     0.4053029003167842 
  4873.000000000426    0.40538044384025923 
  4874.000000000426     0.4054578951159587 
  4875.000000000427     0.4055352951885403 
  4876.000000000427     0.4055188150383573 
  4877.000000000427    0.40550237348612034 
 4878.0000000004275    0.40548601162188275 
 4879.0000000004275     0.4054697705327764 
 4880.0000000004275     0.4054536913010221 
 4881.0000000004275    0.40542037768015443 
 4882.0000000004275    0.40538731029880065 
  4883.000000000428     0.4053545301914799 
  4884.000000000428     0.4053220783802392 
  4885.000000000428     0.4052899958786134 
  4886.000000000429    0.40525782351084355 
  4887.000000000429    0.40522555058326665 
  4888.000000000429     0.4051933167168499 
  4889.000000000429    0.40516124506896095 
  4890.000000000429     0.4051294423413048 
   4891.00000000043    0.40521049063428616 
   4892.00000000043     0.4052919642461353 
   4893.00000000043    0.40537392095409236 
  4894.000000000431    0.40545640214839734 
  4895.000000000431      0.405539432815178 
  4896.000000000431    0.40552925752989466 
  4897.000000000431     0.4055198674548011 
  4898.000000000431      0.405511305705014 
  4899.000000000432    0.40550360306691313 
  4900.000000000432    0.40549677800096506 
  4901.000000000432     0.4055700843684903 
  4902.000000000433    0.40564426007318466 
  4903.000000000433     0.4057192871063297 
  4904.000000000433    0.40579513510974397 
  4905.000000000433    0.40587176136718417 
  4906.000000000433     0.4058553797535684 
  4907.000000000434     0.4058396610902009 
  4908.000000000434     0.4058245251012686 
  4909.000000000434    0.40580987918702627 
  4910.000000000435     0.4057956184253246 
  4911.000000000435     0.4058890612133222 
  4912.000000000435    0.40598264192785743 
  4913.000000000435    0.40607621868345806 
  4914.000000000435    0.40616963711523074 
  4915.000000000436     0.4062627303658566 
  4916.000000000436     0.4062616024373528 
  4917.000000000436    0.40626047185485586 
  4918.000000000437    0.40625933861891556 
  4919.000000000437    0.40625820273106994 
  4920.000000000437     0.4062570641919088 
  4921.000000000437    0.40634928323702435 
  4922.000000000437     0.4064414990054947 
 4923.0000000004375     0.4065337114968201 
 4924.0000000004375    0.40662592071000647 
 4925.0000000004375    0.40671812664451323 
  4926.000000000438    0.40671661579399365 
  4927.000000000438     0.4067151023607555 
  4928.000000000438    0.40671358634586396 
  4929.000000000438    0.40671206775087965 
  4930.000000000438    0.40671054657637606 
  4931.000000000439    0.40671422984237754 
  4932.000000000439    0.40671791061468526 
  4933.000000000439     0.4067215888937742 
   4934.00000000044    0.40672526468160236 
   4935.00000000044     0.4067289379781915 
   4936.00000000044     0.4068263259762726 
   4937.00000000044      0.406923713176119 
   4938.00000000044    0.40702109957669763 
  4939.000000000441    0.40711848517747046 
  4940.000000000441     0.4072158699783467 
  4941.000000000441    0.40720643299713166 
  4942.000000000442    0.40719699376165003 
  4943.000000000442     0.4071875522725879 
  4944.000000000442    0.40717810853161973 
  4945.000000000442    0.40716866253992545 
  4946.000000000442    0.40715921429819074 
  4947.000000000443    0.40714976380858403 
  4948.000000000443    0.40714031107129606 
  4949.000000000443     0.4071308560880008 
  4950.000000000444      0.407121398860405 
  4951.000000000444    0.40718708691270805 
  4952.000000000444    0.40725276107880093 
  4953.000000000444    0.40731842136014995 
  4954.000000000444       0.40738406775674 
  4955.000000000445       0.40744970027049 
  4956.000000000445    0.40742165874956215 
  4957.000000000445    0.40739361624015236 
  4958.000000000446     0.4073655727437163 
  4959.000000000446     0.4073375282607224 
  4960.000000000446    0.40730948279412676 
  4961.000000000446    0.40732620368988404 
  4962.000000000446    0.40734292251664284 
  4963.000000000447     0.4073596392746496 
  4964.000000000447     0.4073763539656319 
  4965.000000000447     0.4073930665893424 
 4966.0000000004475    0.40740977714701526 
 4967.0000000004475    0.40742648563889716 
 4968.0000000004475     0.4074431920667167 
 4969.0000000004475     0.4074598964302266 
 4970.0000000004475    0.40747659873118974 
  4971.000000000448     0.4075692339046576 
  4972.000000000448    0.40766186607094823 
  4973.000000000448    0.40775449522854923 
  4974.000000000449     0.4078471213779245 
  4975.000000000449     0.4079397445175194 
  4976.000000000449    0.40793869330546345 
  4977.000000000449    0.40793763956687845 
  4978.000000000449    0.40793658330180965 
   4979.00000000045      0.407935524511782 
   4980.00000000045    0.40793446319831334 
   4981.00000000045     0.4079153085144445 
  4982.000000000451    0.40789615206824664 
  4983.000000000451    0.40787699386155596 
  4984.000000000451     0.4078578338952221 
  4985.000000000451    0.40783867217058667 
  4986.000000000451     0.4078195086889924 
  4987.000000000452     0.4078003434522745 
  4988.000000000452     0.4077811764612817 
  4989.000000000452    0.40776200771735505 
  4990.000000000453    0.40774283722238025 
  4991.000000000453     0.4078359544451757 
  4992.000000000453     0.4079290687401393 
  4993.000000000453    0.40802218010612257 
  4994.000000000453     0.4081152885424716 
  4995.000000000454    0.40820839404750214 
  4996.000000000454     0.4082078709635133 
  4997.000000000454    0.40820734518773916 
  4998.000000000455    0.40820681672219317 
  4999.000000000455     0.4082062855674086 
  5000.000000000455     0.4082057517248563 
  5001.000000000455    0.40809771091268393 
  5002.000000000455     0.4079896749238372 
  5003.000000000456    0.40788164376112407 
  5004.000000000456      0.407773617426364 
  5005.000000000456    0.40766559592240664 
  5006.000000000457     0.4076511845752766 
  5007.000000000457    0.40763677144459304 
  5008.000000000457     0.4076223565316038 
  5009.000000000457     0.4076079398375561 
  5010.000000000457     0.4075935213641983 
 5011.0000000004575     0.4075966373936145 
 5012.0000000004575     0.4075997511691232 
 5013.0000000004575    0.40760286269169843 
  5014.000000000458     0.4076059719628074 
  5015.000000000458    0.40760907898194426 
  5016.000000000458     0.4076121837515632 
  5017.000000000458     0.4076152862721444 
  5018.000000000458     0.4076183865441692 
  5019.000000000459    0.40762148456910446 
  5020.000000000459     0.4076245803479186 
  5021.000000000459    0.40761425027784415 
   5022.00000000046    0.40760391815008573 
   5023.00000000046     0.4075935839658357 
   5024.00000000046    0.40758324772677856 
   5025.00000000046    0.40757290943356983 
   5026.00000000046     0.4074689841122867 
  5027.000000000461    0.40736506148930096 
  5028.000000000461     0.4072611415665742 
  5029.000000000461     0.4071572243470524 
  5030.000000000462    0.40705330983371896 
  5031.000000000462     0.4070297953229133 
  5032.000000000462    0.40700627935151107 
  5033.000000000462    0.40698276192041777 
  5034.000000000462     0.4069592430315257 
  5035.000000000463     0.4069357226861902 
  5036.000000000463    0.40681932743072946 
  5037.000000000463    0.40670337147243574 
  5038.000000000464    0.40658763192896885 
  5039.000000000464      0.406471902649376 
  5040.000000000464     0.4063559941927032 
  5041.000000000464     0.4064717371648243 
  5042.000000000464     0.4065869709775546 
  5043.000000000465    0.40670155504849237 
  5044.000000000465     0.4068153651311381 
  5045.000000000465    0.40692829333899094 
  5046.000000000466    0.40704008067096314 
  5047.000000000466     0.4071507117319615 
  5048.000000000466     0.4072601834988814 
  5049.000000000466    0.40736850533940955 
  5050.000000000466       0.40747569902645 
  5051.000000000467     0.4074523399372145 
  5052.000000000467     0.4074279301058981 
  5053.000000000467    0.40740252957068007 
 5054.0000000004675    0.40737621074851604 
 5055.0000000004675     0.4073490584312698 
 5056.0000000004675    0.40732133742315507 
 5057.0000000004675     0.4072930973535023 
 5058.0000000004675     0.4072644043555232 
  5059.000000000468     0.4072353410604829 
  5060.000000000468     0.4072060065917239 
  5061.000000000468     0.4072834068092988 
  5062.000000000469     0.4073607747850274 
  5063.000000000469     0.4074382591841507 
  5064.000000000469    0.40751602531522124 
  5065.000000000469     0.4075942551474086 
  5066.000000000469     0.4076729795266368 
   5067.00000000047    0.40775154609670705 
   5068.00000000047    0.40782996923623527 
   5069.00000000047    0.40790825919906687 
  5070.000000000471    0.40798642210997393 
  5071.000000000471    0.40797955604505065 
  5072.000000000471    0.40797256947937693 
  5073.000000000471     0.4079654562093919 
  5074.000000000471     0.4079582058976138 
  5075.000000000472      0.407950804072954 
  5076.000000000472     0.4080366899124306 
  5077.000000000472    0.40812261147974993 
  5078.000000000473     0.4082086101948123 
  5079.000000000473     0.4082947275171129 
  5080.000000000473    0.40838100494124147 
  5081.000000000473     0.4083297351098133 
  5082.000000000473     0.4082787169760091 
  5083.000000000474    0.40822799185607583 
  5084.000000000474     0.4081776010490021 
  5085.000000000474     0.4081275858365636 
  5086.000000000475    0.40817086511308903 
  5087.000000000475     0.4082140235601296 
  5088.000000000475     0.4082572018783166 
  5089.000000000475     0.4083005242733797 
  5090.000000000475    0.40834409844674463 
  5091.000000000476    0.40846927733635596 
  5092.000000000476     0.4085949061137878 
  5093.000000000476     0.4087210432038329 
  5094.000000000477    0.40884773052155743 
  5095.000000000477     0.4089749934491879 
  5096.000000000477     0.4090094596522361 
  5097.000000000477     0.4090447192666855 
  5098.000000000477     0.4090808160709125 
 5099.0000000004775    0.40911778141817096 
 5100.0000000004775    0.40915563423062795 
 5101.0000000004775    0.40921498975237747 
  5102.000000000478    0.40927521844117626 
  5103.000000000478      0.409336302023247 
  5104.000000000478     0.4093982097617384 
  5105.000000000478     0.4094608984477596 
  5106.000000000478    0.40943094159473964 
  5107.000000000479    0.40940165517322646 
  5108.000000000479     0.4093729580940519 
  5109.000000000479    0.40934475683983684 
   5110.00000000048     0.4093169454685751 
   5111.00000000048    0.40939718068560477 
   5112.00000000048    0.40947755035836236 
   5113.00000000048     0.4095579112897652 
   5114.00000000048    0.40963810770969017 
  5115.000000000481     0.4097179712625083 
  5116.000000000481      0.409703994345253 
  5117.000000000481    0.40969001591584514 
  5118.000000000482     0.4096760359759841 
  5119.000000000482     0.4096620545268788 
  5120.000000000482     0.4096480715692561 
  5121.000000000482     0.4096555088435282 
  5122.000000000482     0.4096629441584352 
  5123.000000000483     0.4096703775153873 
  5124.000000000483     0.4096778089153038 
  5125.000000000483    0.40968523835865833 
  5126.000000000484    0.40978598991626713 
  5127.000000000484    0.40988674290182797 
  5128.000000000484     0.4099874973155028 
  5129.000000000484     0.4100882531559792 
  5130.000000000484    0.41018901042336514 
  5131.000000000485     0.4101792877935331 
  5132.000000000485    0.41016956334719584 
  5133.000000000485    0.41015983708599846 
  5134.000000000486     0.4101501090106029 
  5135.000000000486     0.4101403791216715 
  5136.000000000486    0.41013064742133964 
  5137.000000000486    0.41012091390977806 
  5138.000000000486    0.41011117858863083 
  5139.000000000487     0.4101014414580685 
  5140.000000000487    0.41009170252027805 
  5141.000000000487     0.4101883213258041 
 5142.0000000004875    0.41028493988699594 
 5143.0000000004875    0.41038155820274086 
 5144.0000000004875    0.41047817627339916 
 5145.0000000004875    0.41057479409879505 
 5146.0000000004875      0.410578098473874 
  5147.000000000488     0.4105814011010924 
  5148.000000000488      0.410584701982419 
  5149.000000000488     0.4105880011178576 
  5150.000000000489     0.4105912985088795 
  5151.000000000489     0.4105815674930394 
  5152.000000000489    0.41057183433042566 
  5153.000000000489     0.4105620990212265 
  5154.000000000489     0.4105523615671035 
   5155.00000000049     0.4105426219687358 
   5156.00000000049    0.41053288022729384 
   5157.00000000049     0.4105231363439473 
  5158.000000000491    0.41051339031937567 
  5159.000000000491    0.41050364215524016 
  5160.000000000491     0.4104938918522714 
  5161.000000000491     0.4105912347347659 
  5162.000000000491     0.4106885775454794 
  5163.000000000492     0.4107859202836497 
  5164.000000000492     0.4108832629494954 
  5165.000000000492     0.4109806055417176 
  5166.000000000493     0.4109846484806583 
  5167.000000000493     0.4109886895112512 
  5168.000000000493     0.4109927286334806 
  5169.000000000493     0.4109967658483114 
  5170.000000000493    0.41100080115721166 
  5171.000000000494     0.4110270612234549 
  5172.000000000494    0.41105332018071644 
  5173.000000000494     0.4110795780291597 
  5174.000000000495     0.4111058347699299 
  5175.000000000495    0.41113209040319104 
  5176.000000000495     0.4111583449291058 
  5177.000000000495    0.41118459834931215 
  5178.000000000495     0.4112108506629913 
  5179.000000000496     0.4112371018717812 
  5180.000000000496    0.41126335197532105 
  5181.000000000496    0.41122205336231077 
  5182.000000000497      0.411180755545465 
  5183.000000000497     0.4111394585272434 
  5184.000000000497       0.41109816230814 
  5185.000000000497     0.4110568668901216 
  5186.000000000497    0.41101557227466373 
 5187.0000000004975     0.4109742784622594 
 5188.0000000004975     0.4109329854548742 
 5189.0000000004975    0.41089169325398195 
  5190.000000000498    0.41085040186062366 
  5191.000000000498     0.4109255137762098 
  5192.000000000498    0.41100061599171833 
  5193.000000000498    0.41107570850845315 
  5194.000000000498    0.41115079132624643 
  5195.000000000499      0.411225864445374 
  5196.000000000499     0.4112076834928938 
  5197.000000000499     0.4111895010878792 
    5198.0000000005     0.4111713172311054 
    5199.0000000005    0.41115313192432823 
    5200.0000000005     0.4111349451683608 
    5201.0000000005     0.4111927797491735 
    5202.0000000005    0.41125061815354047 
  5203.000000000501    0.41130846038160657 
  5204.000000000501     0.4113663064340068 
  5205.000000000501    0.41142415631088647 
  5206.000000000502     0.4114820100133722 
  5207.000000000502    0.41153986754210087 
  5208.000000000502     0.4115977288967275 
  5209.000000000502     0.4116555940783802 
  5210.000000000502    0.41171346308716256 
  5211.000000000503    0.41168595289601373 
  5212.000000000503     0.4116584422895717 
  5213.000000000503     0.4116309312686741 
  5214.000000000504    0.41160341983465015 
  5215.000000000504     0.4115759079893186 
  5216.000000000504     0.4115483957330258 
  5217.000000000504        0.4115208830671 
  5218.000000000504    0.41149336999286806 
  5219.000000000505     0.4114658565116573 
  5220.000000000505    0.41143834262430384 
  5221.000000000505     0.4114108608723212 
  5222.000000000506    0.41138337839784184 
  5223.000000000506     0.4113558952022203 
  5224.000000000506    0.41132841128632014 
  5225.000000000506     0.4113009266510046 
  5226.000000000506    0.41127344129811777 
  5227.000000000507     0.4112459552290129 
  5228.000000000507     0.4112184684440622 
  5229.000000000507     0.4111909809451084 
 5230.0000000005075    0.41116349273351527 
 5231.0000000005075     0.4111583241230694 
 5232.0000000005075     0.4111531538740398 
 5233.0000000005075      0.411147981987512 
 5234.0000000005075     0.4111428084635905 
  5235.000000000508     0.4111376333038506 
  5236.000000000508    0.41113245650937746 
  5237.000000000508     0.4111272780807659 
  5238.000000000509     0.4111220980191005 
  5239.000000000509     0.4111169163249764 
  5240.000000000509     0.4111117329994892 
  5241.000000000509     0.4111290784322317 
  5242.000000000509    0.41114642267983875 
   5243.00000000051    0.41116376574360947 
   5244.00000000051      0.411181107623864 
   5245.00000000051     0.4111984483209213 
  5246.000000000511     0.4112157878355918 
  5247.000000000511     0.4112331261686855 
  5248.000000000511    0.41125046332052195 
  5249.000000000511    0.41126779929240226 
  5250.000000000511    0.41128513408459405 
  5251.000000000512     0.4112013659356739 
  5252.000000000512     0.4111175918723836 
  5253.000000000512    0.41103381189768745 
  5254.000000000513    0.41095002601209907 
  5255.000000000513     0.4108662342181401 
  5256.000000000513       0.41087571136718 
  5257.000000000513     0.4108851869131544 
  5258.000000000513      0.410894660857458 
  5259.000000000514     0.4109041332005043 
  5260.000000000514    0.41091360394269977 
  5261.000000000514    0.41090839004515956 
  5262.000000000515     0.4109031744536746 
  5263.000000000515     0.4108979571678604 
  5264.000000000515     0.4108927381902755 
  5265.000000000515    0.41088751752053515 
  5266.000000000515    0.41088229515972663 
  5267.000000000516      0.410877071109917 
  5268.000000000516    0.41087184537072174 
  5269.000000000516     0.4108666179432278 
  5270.000000000517      0.410861388829019 
  5271.000000000517     0.4108701074686378 
  5272.000000000517     0.4108788246679794 
  5273.000000000517     0.4108875404279681 
  5274.000000000517     0.4108962547480572 
 5275.0000000005175    0.41090496763064216 
 5276.0000000005175    0.41091367907517656 
 5277.0000000005175     0.4109223890830749 
  5278.000000000518    0.41093109765477154 
  5279.000000000518     0.4109398047911909 
  5280.000000000518     0.4109485104927553 
  5281.000000000518    0.41093370557188147 
  5282.000000000518     0.4109188986312605 
  5283.000000000519    0.41090408967260383 
  5284.000000000519     0.4108892786961514 
  5285.000000000519    0.41087446570410413 
   5286.00000000052    0.41085965069621183 
   5287.00000000052     0.4108448336741848 
   5288.00000000052     0.4108300146392434 
   5289.00000000052     0.4108151935921171 
   5290.00000000052    0.41080037053355045 
  5291.000000000521     0.4108139411448027 
  5292.000000000521     0.4108275104546305 
  5293.000000000521    0.41084107846340834 
  5294.000000000522    0.41085464517249254 
  5295.000000000522    0.41086821058176826 
  5296.000000000522    0.41088177469210124 
  5297.000000000522     0.4108953375043574 
  5298.000000000522     0.4109088990194026 
  5299.000000000523     0.4109224592376128 
  5300.000000000523      0.410936018159849 
  5301.000000000523    0.41094044922908984 
  5302.000000000524     0.4109448787891346 
  5303.000000000524     0.4109493068409548 
  5304.000000000524    0.41095373338503216 
  5305.000000000524     0.4109581584218483 
  5306.000000000524     0.4109625819528653 
  5307.000000000525    0.41096700397856456 
  5308.000000000525     0.4109714244994279 
  5309.000000000525     0.4109758435169174 
  5310.000000000526    0.41098026103100804 
  5311.000000000526    0.41095332141945745 
  5312.000000000526     0.4109263809952811 
  5313.000000000526    0.41089943975983095 
  5314.000000000526    0.41087249771396783 
  5315.000000000527    0.41084555485855284 
  5316.000000000527    0.41081861119542734 
  5317.000000000527     0.4107916667249614 
 5318.0000000005275    0.41076472144899573 
 5319.0000000005275    0.41073777536839035 
 5320.0000000005275     0.4107108284840241 
 5321.0000000005275    0.41072028492678103 
 5322.0000000005275      0.410729739822432 
  5323.000000000528     0.4107391931713918 
  5324.000000000528    0.41074864497456537 
  5325.000000000528     0.4107580952328577 
  5326.000000000529    0.41076754394619325 
  5327.000000000529    0.41077699111596727 
  5328.000000000529      0.410786436742595 
  5329.000000000529    0.41079588082698143 
  5330.000000000529    0.41080532336959025 
   5331.00000000053    0.41090673147108286 
   5332.00000000053     0.4110081417541335 
   5333.00000000053    0.41110955421811407 
  5334.000000000531     0.4112109688628859 
  5335.000000000531     0.4113123856882614 
  5336.000000000531    0.41132053473181024 
  5337.000000000531    0.41132868225978864 
  5338.000000000531    0.41133682827361095 
  5339.000000000532    0.41134497277322085 
  5340.000000000532    0.41135311576053224 
  5341.000000000532     0.4113792208203548 
  5342.000000000533     0.4114053256947935 
  5343.000000000533    0.41143143038512253 
  5344.000000000533    0.41145753489114695 
  5345.000000000533     0.4114836392141908 
  5346.000000000533    0.41160305622148047 
  5347.000000000534     0.4117224848852256 
  5348.000000000534    0.41184192520556084 
  5349.000000000534    0.41196137718261966 
  5350.000000000535     0.4120808408179363 
  5351.000000000535     0.4120677368568209 
  5352.000000000535    0.41205463117943825 
  5353.000000000535    0.41204152378600817 
  5354.000000000535    0.41202841467822193 
  5355.000000000536     0.4120153038563494 
  5356.000000000536     0.4120955100509574 
  5357.000000000536     0.4121757085933263 
  5358.000000000537     0.4122558994824708 
  5359.000000000537    0.41233608271887623 
  5360.000000000537      0.412416258302009 
  5361.000000000537      0.412424920299466 
  5362.000000000537    0.41243358092392135 
 5363.0000000005375     0.4124422401763008 
 5364.0000000005375     0.4124508980575307 
 5365.0000000005375     0.4124595545675569 
  5366.000000000538     0.4124682097073056 
  5367.000000000538    0.41247686347819307 
  5368.000000000538    0.41248551588016524 
  5369.000000000538    0.41249416691365837 
  5370.000000000538    0.41250281658057886 
  5371.000000000539     0.4125115000362396 
  5372.000000000539     0.4125201818071813 
  5373.000000000539     0.4119138028879811 
   5374.00000000054    0.41130739640803043 
   5375.00000000054    0.41052522383693996 
   5376.00000000054    0.40983571836997307 
   5377.00000000054     0.4091238458407192 
   5378.00000000054    0.40841157355185964 
  5379.000000000541    0.40769890149034843 
  5380.000000000541    0.40698582964164604 
  5381.000000000541      0.406194351968652 
  5382.000000000542    0.40540278431045224 
  5383.000000000542     0.4046111266711654 
  5384.000000000542     0.4038193790544373 
  5385.000000000542     0.4030495419856832 
  5386.000000000542     0.4022801142151905 
  5387.000000000543     0.4014889127786312 
  5388.000000000543    0.40069777175501875 
  5389.000000000543     0.3999065381690814 
  5390.000000000544     0.3991150723908916 
  5391.000000000544     0.3983102458459152 
  5392.000000000544    0.39750499960585906 
  5393.000000000544    0.39669923341166685 
  5394.000000000544    0.39589285988130807 
  5395.000000000545     0.3951078135136091 
  5396.000000000545     0.3943221862857415 
  5397.000000000545    0.39351385991331267 
  5398.000000000546    0.39270475201935007 
  5399.000000000546     0.3918947877887943 
  5400.000000000546    0.39108390892986383 
  5401.000000000546    0.39025881190302936 
  5402.000000000546    0.38943278801187414 
  5403.000000000547     0.3886058276535418 
  5404.000000000547    0.38777793709351827 
  5405.000000000547    0.38697114530147847 
 5406.0000000005475       0.38607605345744 
 5407.0000000005475    0.38515841079362206 
 5408.0000000005475    0.38424034622618214 
 5409.0000000005475     0.3833219922342352 
 5410.0000000005475     0.3824034917248932 
  5411.000000000548     0.3816006940745486 
  5412.000000000548    0.38079756409710847 
  5413.000000000548    0.37937886416709327 
  5414.000000000549    0.37796015630941315 
  5415.000000000549     0.3763438114538092 
  5416.000000000549     0.3747279945998698 
  5417.000000000549     0.3730902384600628 
  5418.000000000549     0.3714525082019558 
   5419.00000000055    0.36983677553703675 
   5420.00000000055     0.3682210520101616 
   5421.00000000055     0.3666053236848498 
  5422.000000000551    0.36498960184106727 
  5423.000000000551    0.36335190527643607 
  5424.000000000551       0.36171422569914 
  5425.000000000551    0.36009856101972204 
  5426.000000000551     0.3585637499440142 
  5427.000000000552    0.35702788024161186 
  5428.000000000552     0.3554910160462376 
  5429.000000000552    0.35393120397743366 
  5430.000000000553     0.3523704898874432 
  5431.000000000553     0.3507206120947897 
  5432.000000000553     0.3490709359179535 
  5433.000000000553      0.347421485891203 
  5434.000000000553    0.34577227906755387 
  5435.000000000554    0.34410131678732836 
  5436.000000000554     0.3424303304916607 
  5437.000000000554     0.3407816199216586 
  5438.000000000555     0.3391333149700014 
  5439.000000000555     0.3374855409543294 
  5440.000000000555    0.33583841047200813 
  5441.000000000555    0.33418923395000816 
  5442.000000000555    0.33254070132434627 
  5443.000000000556     0.3309148908451481 
  5444.000000000556     0.3292898648216303 
  5445.000000000556    0.32764367337080275 
  5446.000000000557     0.3259983603424432 
  5447.000000000557    0.32437577514459137 
  5448.000000000557     0.3227538837418862 
  5449.000000000557     0.3211326422611177 
  5450.000000000557    0.31951199452017703 
 5451.0000000005575     0.3178726585068261 
 5452.0000000005575     0.3162337383833704 
 5453.0000000005575     0.3146171502809192 
  5454.000000000558     0.3130007863587264 
  5455.000000000558     0.3113845338286858 
  5456.000000000558     0.3097682695584081 
  5457.000000000558    0.30813020027979376 
  5458.000000000558     0.3064922892793434 
  5459.000000000559    0.30487649817927587 
  5460.000000000559    0.30326075987406054 
  5461.000000000559    0.30165119296042864 
   5462.00000000056      0.300041485057699 
   5463.00000000056    0.29840954742823067 
   5464.00000000056     0.2967773199141016 
   5465.00000000056    0.29516674369942475 
   5466.00000000056      0.293555716986871 
  5467.000000000561     0.2919224607670607 
  5468.000000000561     0.2902889958421426 
  5469.000000000561    0.28867734857012867 
  5470.000000000562     0.2870654953844927 
  5471.000000000562     0.2854970857248876 
  5472.000000000562       0.28392796955353 
  5473.000000000562    0.28233610490271477 
  5474.000000000562     0.2807435243117248 
  5475.000000000563     0.2791722793454445 
  5476.000000000563      0.277537678447427 
  5477.000000000563     0.2759031092032321 
  5478.000000000564     0.2742685716333374 
  5479.000000000564     0.2726120151220664 
  5480.000000000564     0.2709554907705134 
  5481.000000000564     0.2693416606776789 
  5482.000000000564     0.2677276134997993 
  5483.000000000565     0.2661133492396969 
  5484.000000000565    0.26449886790144833 
  5485.000000000565     0.2628621117464963 
  5486.000000000566    0.26122513558930227 
  5487.000000000566     0.2596100001066498 
  5488.000000000566    0.25799464755993906 
  5489.000000000566    0.25635701434896835 
  5490.000000000566    0.25471916114990634 
  5491.000000000567     0.2530918283256388 
  5492.000000000567     0.2514644237079524 
  5493.000000000567    0.24983694731764078 
 5494.0000000005675    0.24820939917547977 
 5495.0000000005675    0.24655971184456868 
 5496.0000000005675    0.24496523626181957 
 5497.0000000005675     0.2433920215665106 
 5498.0000000005675    0.24181800027247918 
  5499.000000000568    0.24024317235217058 
  5500.000000000568    0.23866753777743227 
  5501.000000000568    0.23702573051101028 
  5502.000000000569     0.2353837091076445 
  5503.000000000569    0.23376357260484132 
  5504.000000000569    0.23214322482650288 
  5505.000000000569    0.23052266577667432 
  5506.000000000569    0.22890189546020204 
   5507.00000000057    0.22725880914363025 
   5508.00000000057    0.22561550871681565 
   5509.00000000057     0.2239941017740736 
  5510.000000000571    0.22237248358218437 
  5511.000000000571    0.22074843189472665 
  5512.000000000571    0.21912420171152963 
  5513.000000000571    0.21747768041520252 
  5514.000000000571    0.21583097823435146 
  5515.000000000572     0.2142062102105565 
  5516.000000000572    0.21258126372637534 
  5517.000000000572    0.21093402135116726 
  5518.000000000573    0.20928659812677036 
  5519.000000000573    0.20766111390814257 
  5520.000000000573    0.20603545126410625 
  5521.000000000573    0.20440088774942672 
  5522.000000000573    0.20276628491949522 
  5523.000000000574    0.20110952097216295 
  5524.000000000574    0.19945271723984564 
  5525.000000000574     0.1978179960898097 
  5526.000000000575    0.19618323571985893 
  5527.000000000575     0.1945484361536279 
  5528.000000000575     0.1929135974149608 
  5529.000000000575    0.19125659615004237 
  5530.000000000575    0.18959955524407446 
  5531.000000000576     0.1879601220385574 
  5532.000000000576    0.18632072737358493 
  5533.000000000576     0.1846813712823713 
  5534.000000000577    0.18304205379832694 
  5535.000000000577     0.1813806526652545 
  5536.000000000577    0.17971929074493634 
  5537.000000000577    0.17808008982146106 
  5538.000000000577     0.1764409276385655 
 5539.0000000005775    0.17477968301885452 
 5540.0000000005775    0.17311847774620012 
 5541.0000000005775    0.17148515220951605 
  5542.000000000578     0.1698517564786934 
  5543.000000000578    0.16821829058315022 
  5544.000000000578    0.16658475455208235 
  5545.000000000578    0.16492902513878493 
  5546.000000000578    0.16331003942152683 
  5547.000000000579     0.1617123701812647 
  5548.000000000579    0.16011389412380786 
  5549.000000000579    0.15851461123092797 
   5550.00000000058    0.15691452148420784 
   5551.00000000058     0.1552738030299268 
   5552.00000000058    0.15363264569143334 
   5553.00000000058    0.15201320878357988 
   5554.00000000058     0.1503933387729824 
  5555.000000000581     0.1487730356145093 
  5556.000000000581    0.14715229926372062 
  5557.000000000581    0.14550895857156312 
  5558.000000000582     0.1438651787240579 
  5559.000000000582    0.14224313665424776 
  5560.000000000582    0.14062066121249858 
  5561.000000000582    0.13893013957610265 
  5562.000000000582    0.13724026249244564 
  5563.000000000583    0.13557319702693854 
  5564.000000000583     0.1339067676713127 
  5565.000000000583    0.13224097451832187 
  5566.000000000584    0.13060526642367046 
  5567.000000000584    0.12894729733437377 
  5568.000000000584     0.1272892256149296 
  5569.000000000584    0.12565321234980104 
  5570.000000000584     0.1240170978627105 
  5571.000000000585    0.12238636996103107 
  5572.000000000585    0.12075539441929996 
  5573.000000000585    0.11910200447573298 
  5574.000000000586    0.11744836354280722 
  5575.000000000586    0.11581664172674189 
  5576.000000000586     0.1141846722657208 
  5577.000000000586    0.11255245515846833 
  5578.000000000586    0.11091999040395556 
  5579.000000000587    0.10926510119911359 
  5580.000000000587    0.10760996099740944 
  5581.000000000587    0.10597119749294472 
 5582.0000000005875    0.10433235775087114 
 5583.0000000005875    0.10269344179737327 
 5584.0000000005875     0.1010544496578772 
 5585.0000000005875    0.09939320032747637 
 5586.0000000005875    0.09773187384132728 
  5587.000000000588    0.09609265227810776 
  5588.000000000588    0.09445335463261174 
  5589.000000000588     0.0927917978567914 
  5590.000000000589      0.091130164029552 
  5591.000000000589    0.08949249558261939 
  5592.000000000589     0.0878546832139088 
  5593.000000000589    0.08621672693594482 
  5594.000000000589    0.08457862676143521 
   5595.00000000059    0.08291819426431231 
   5596.00000000059    0.08123929405671826 
   5597.00000000059    0.07958317733896342 
  5598.000000000591    0.07792765578239642 
  5599.000000000591    0.07627272949691244 
  5600.000000000591     0.0746183985921965 
  5601.000000000591    0.07295636756398521 
  5602.000000000591     0.0712943089748036 
  5603.000000000592     0.0696543916810725 
  5604.000000000592    0.06801444728180855 
  5605.000000000592    0.06637447582551011 
  5606.000000000593     0.0647344773608921 
  5607.000000000593    0.06307228241716027 
  5608.000000000593    0.06141006020720462 
  5609.000000000593    0.05976998065433196 
  5610.000000000593   0.058129874287778466 
  5611.000000000594    0.05646714778290558 
  5612.000000000594   0.054804419326651276 
  5613.000000000594   0.053163859033018554 
  5614.000000000595   0.051523296870938505 
  5615.000000000595    0.04988273287106951 
  5616.000000000595   0.048231277184581145 
  5617.000000000595    0.04655840026994093 
  5618.000000000595    0.04488627226313705 
  5619.000000000596   0.043237043320914624 
  5620.000000000596    0.04158855336132872 
  5621.000000000596   0.040749289539466965 
  5622.000000000597   0.039909932646032924 
  5623.000000000597     0.0390926314866509 
  5624.000000000597     0.0382752397138598 
  5625.000000000597    0.03743560608721279 
  5626.000000000597   0.036595879412205434 
 5627.0000000005975    0.03577821338709496 
 5628.0000000005975     0.0349604567713063 
 5629.0000000005975    0.03412045343190162 
  5630.000000000598    0.03328035706719675 
  5631.000000000598    0.03246260290555169 
  5632.000000000598   0.031644744210184414 
  5633.000000000598   0.030804619389400004 
  5634.000000000598   0.029964387221683802 
  5635.000000000599    0.02914621213201217 
  5636.000000000599    0.02832793252869456 
  5637.000000000599   0.027487381173898557 
    5638.0000000006   0.026646722492605093 
    5639.0000000006    0.02580595648993382 
    5640.0000000006   0.024965083171012644 
    5641.0000000006   0.024142752331317973 
    5642.0000000006   0.023320555208706458 
  5643.000000000601   0.022476325932896595 
  5644.000000000601   0.021632234292324238 
  5645.000000000601   0.020810442768039207 
  5646.000000000602   0.019993308862856152 
  5647.000000000602   0.019153770768947042 
  5648.000000000602   0.018313990803279605 
  5649.000000000602    0.01749614402443456 
  5650.000000000602   0.016678061688142468 
  5651.000000000603    0.01583610763095018 
  5652.000000000603   0.014994066197974559 
  5653.000000000603   0.014151937398824756 
  5654.000000000604   0.013309721243142158 
  5655.000000000604   0.012489601757873699 
  5656.000000000604   0.011669397232338896 
  5657.000000000604    0.01082692136164756 
  5658.000000000604   0.009984358172761932 
  5659.000000000605   0.009163896286131373 
  5660.000000000605   0.008343349396846712 
  5661.000000000605   0.007501136669611963 
  5662.000000000606   0.006658699574002529 
  5663.000000000606   0.005838236705803174 
  5664.000000000606   0.005017555330753708 
  5665.000000000606   0.004174450900581903 
  5666.000000000606   0.003331122011117169 
  5667.000000000607  0.0025097790737703264 
  5668.000000000607  0.0016882175402374395 
  5669.000000000607  0.0008442210450020584 
 5670.0000000006075                    0.0 
